"Year","Month","Region","NJ_BPUV","JA_BPUV","JAC_BPUV","NJAC_BPUV","M_BPUV","JACM_BPUV","NJACM_BPUV","ACM_BPUV"
1974,"January","Far West",NA,NA,NA,NA,NA,NA,NA,NA
1974,"February","Far West",NA,NA,NA,NA,NA,NA,NA,NA
1974,"March","Far West",20166.5,83963.3,83963.3,86086.1,24.19,83987.49,86110.29,65943.79
1974,"April","Far West",213.1,761.1,1506,1509.05,4.365,1510.365,1513.415,1300.315
1974,"May","Far West",19385.4,51868,53672.05,54027.75,42.595,53714.645,54070.345,34684.945
1974,"June","Far West",2763.8,4523.45,4523.45,4565.7,8.53,4531.98,4574.23,1810.43
1974,"July","Far West",815.8,1270.05,1270.05,1348.05,3.795,1273.845,1351.845,536.045
1974,"August","Far West",4034.35,10032.15,10032.15,10206.65,2.19,10034.34,10208.84,6174.49
1974,"September","Far West",1456.7,11949.9,11949.9,12030.2,7.22,11957.12,12037.42,10580.72
1974,"October","Far West",1727.45,7193.25,7193.25,7287.8,16.52,7209.77,7304.32,5576.87
1974,"November","Far West",3454.2,3448.7,3448.7,3454.2,1.73,3450.43,3455.93,1.73
1974,"December","Far West",4670.78,9370.69,9370.69,9389.74,5.449,9376.139,9395.189,4724.409
1975,"January","Far West",5887.36,15292.68,15292.68,15325.28,9.168,15301.848,15334.448,9447.088
1975,"February","Far West",7103.94,21214.67,21214.67,21260.82,12.887,21227.557,21273.707,14169.767
1975,"March","Far West",8320.52,27136.66,27136.66,27196.36,16.606,27153.266,27212.966,18892.446
1975,"April","Far West",9537.1,33058.65,33058.65,33131.9,20.325,33078.975,33152.225,23615.125
1975,"May","Far West",2301.45,4278.95,4278.95,4352.5,21.72,4300.67,4374.22,2072.77
1975,"June","Far West",5820.9,10975.15,10975.15,10999.65,54.73,11029.88,11054.38,5233.48
1975,"July","Far West",15769.15,34509,34567.65,34599.85,48.75,34616.4,34648.6,18879.45
1975,"August","Far West",639.9,3097.35,3097.35,3133,2.61,3099.96,3135.61,2495.71
1975,"September","Far West",1384.55,5240.9,5288.85,5331.85,2.565,5291.415,5334.415,3949.865
1975,"October","Far West",478.95,823.45,827.75,871.9,1.2,828.95,873.1,394.15
1975,"November","Far West",2022.7,2191.3,2191.3,2191.3,2.08,2193.38,2193.38,170.68
1975,"December","Far West",1673.4,1798.55,1798.55,1799.85,1.77,1800.32,1801.62,128.22
1976,"January","Far West",1324.1,1405.8,1405.8,1408.4,1.46,1407.26,1409.86,85.76
1976,"February","Far West",974.8,1013.05,1013.05,1016.95,1.15,1014.2,1018.1,43.3
1976,"March","Far West",625.5,620.3,620.3,625.5,0.84,621.14,626.34,0.84
1976,"April","Far West",1710,1697.25,1697.25,1710,0.65,1697.9,1710.65,0.65
1976,"May","Far West",2376.15,2406.25,2406.25,2415.15,2.505,2408.755,2417.655,41.505
1976,"June","Far West",1948.85,2011.35,2011.35,2015.5,2,2013.35,2017.5,68.65
1976,"July","Far West",4457.3,4552.6,4552.6,4566,0.085,4552.685,4566.085,108.785
1976,"August","Far West",5222.45,5212.85,5212.85,5222.45,0.005,5212.855,5222.455,0.005
1976,"September","Far West",2833.75,2978.8,2978.8,2985.15,0.01,2978.81,2985.16,151.41
1976,"October","Far West",8099.05,8231.4,8231.4,8231.4,0,8231.4,8231.4,132.35
1976,"November","Far West",5919,5919,5965.4,5965.4,0.18,5965.58,5965.58,46.58
1976,"December","Far West",4569.1,4599.725,4634.525,4635.025,0.22,4634.745,4635.245,66.145
1977,"January","Far West",3219.2,3280.45,3303.65,3304.65,0.26,3303.91,3304.91,85.71
1977,"February","Far West",1869.3,1961.175,1972.775,1974.275,0.3,1973.075,1974.575,105.275
1977,"March","Far West",519.4,641.9,641.9,643.9,0.34,642.24,644.24,124.84
1977,"April","Far West",1804.3,1938.5,1938.5,1947.9,0.21,1938.71,1948.11,143.81
1977,"May","Far West",3961.6,3943.45,3943.45,3961.6,0.04,3943.49,3961.64,0.04
1977,"June","Far West",5083.1,5080.65,5080.65,5083.1,0,5080.65,5083.1,0
1977,"July","Far West",6526,6524.6,6524.6,6526,0,6524.6,6526,0
1977,"August","Far West",6911.55,6907.75,6936.35,6940.15,0,6936.35,6940.15,28.6
1977,"September","Far West",15255.15,15391.3,15391.3,15397.7,0,15391.3,15397.7,142.55
1977,"October","Far West",11936.8,12020.35,12020.35,12023.25,0,12020.35,12023.25,86.45
1977,"November","Far West",14102.19,20695.37,20802.42,20820.54,0.01,20804.212,20822.332,6720.142
1977,"December","Far West",16267.58,29370.39,29584.49,29617.83,2.2475,29588.074,29621.414,13353.834
1978,"January","Far West",18432.97,38045.41,38366.56,38415.12,4.485,38371.936,38420.496,19987.526
1978,"February","Far West",20598.36,46720.43,47148.63,47212.41,6.7225,47155.798,47219.578,26621.218
1978,"March","Far West",22763.75,55395.45,55930.7,56009.7,8.96,55939.66,56018.66,33254.91
1978,"April","Far West",14071.05,55150.9,55150.9,55176.15,53.45,55204.35,55229.6,41158.55
1978,"May","Far West",2379.8,3383.3,3383.3,3391.25,18.9,3402.2,3410.15,1030.35
1978,"June","Far West",1669.45,1797.4,1797.4,1801.1,2.23,1799.63,1803.33,133.88
1978,"July","Far West",2581.4,3019.7,3057.95,3077.1,0.385,3058.335,3077.485,496.085
1978,"August","Far West",3649.25,3646.8,3646.8,3649.25,0.32,3647.12,3649.57,0.32
1978,"September","Far West",1232.85,1413.05,1413.05,1416.95,0.565,1413.615,1417.515,184.665
1978,"October","Far West",1493.05,1622.8,1622.8,1634.6,1.485,1624.285,1636.085,143.035
1978,"November","Far West",1899.1,2149.7,2149.7,2149.7,0.44,2150.14,2150.14,251.04
1978,"December","Far West",1762.6625,2876.675,2876.675,2899.4625,2.52,2879.195,2901.9825,1139.32
1979,"January","Far West",1626.225,3603.65,3603.65,3649.225,4.6,3608.25,3653.825,2027.6
1979,"February","Far West",1489.7875,4330.625,4330.625,4398.9875,6.68,4337.305,4405.6675,2915.88
1979,"March","Far West",1353.35,5057.6,5057.6,5148.75,8.76,5066.36,5157.51,3804.16
1979,"April","Far West",2540.25,2614.6,2614.6,2655.05,5.765,2620.365,2660.815,120.565
1979,"May","Far West",1322.4,1988,2058.2,2081.75,3.975,2062.175,2085.725,763.325
1979,"June","Far West",887.9,1057.65,1072.6,1147.2,1.72,1074.32,1148.92,261.02
1979,"July","Far West",1270.45,1597.3,1597.3,1618.45,0.26,1597.56,1618.71,348.26
1979,"August","Far West",5026,5091.85,5091.85,5100.65,0.105,5091.955,5100.755,74.755
1979,"September","Far West",9659,9623.4,9623.4,9659,0.01,9623.41,9659.01,0.01
1979,"October","Far West",14647.8,14617.15,14617.15,14647.8,0.04,14617.19,14647.84,0.04
1979,"November","Far West",5096.8,5166.4,5166.4,5174.95,0.28,5166.68,5175.23,78.43
1979,"December","Far West",9027.7125,16768.075,16830.325,16863.4375,4.67,16834.995,16868.1075,7840.395
1980,"January","Far West",12958.625,28369.75,28494.25,28551.925,9.06,28503.31,28560.985,15602.36
1980,"February","Far West",16889.5375,39971.425,40158.175,40240.4125,13.45,40171.625,40253.8625,23364.325
1980,"March","Far West",20820.45,51573.1,51822.1,51928.9,17.84,51839.94,51946.74,31126.29
1980,"April","Far West",2976.9,10147.5,10233.45,10351.1,25.16,10258.61,10376.26,7399.36
1980,"May","Far West",1938.5,2603.9,2603.9,2619.9,81.81,2685.71,2701.71,763.21
1980,"June","Far West",1406.45,2262.15,2408,2437.05,7.895,2415.895,2444.945,1038.495
1980,"July","Far West",781.65,1961.25,1961.25,1997.65,3.715,1964.965,2001.365,1219.715
1980,"August","Far West",419.4,702.75,702.75,722.9,1.08,703.83,723.98,304.58
1980,"September","Far West",2980,4339.1,4339.1,4361.55,0.99,4340.09,4362.54,1382.54
1980,"October","Far West",767,1200.6,1200.6,1214.95,1.685,1202.285,1216.635,449.635
1980,"November","Far West",2476.3,2890.3,2890.3,2890.3,0.34,2890.64,2890.64,414.34
1980,"December","Far West",2763.8,3437.08,3437.08,3439.48,0.5475,3437.378,3439.778,409.478
1981,"January","Far West",3051.3,3983.86,3983.86,3988.66,0.755,3984.116,3988.916,404.616
1981,"February","Far West",3338.8,4530.64,4530.64,4537.84,0.9625,4530.854,4538.054,399.754
1981,"March","Far West",3626.3,5077.42,5077.42,5087.02,1.17,5077.592,5087.192,394.892
1981,"April","Far West",3913.8,5624.2,5624.2,5636.2,0.45,5624.33,5636.33,390.03
1981,"May","Far West",10213.3,10787.2,10787.2,10972.9,2.02,10789.22,10974.92,761.62
1981,"June","Far West",688.5,1140.9,1140.9,1151,2.33,1144.01,1154.11,465.61
1981,"July","Far West",2732.85,2721.9,2721.9,2732.85,0.09,2238.09,2259.99,0.09
1981,"August","Far West",7300.15,7283.55,7283.55,7300.15,0,7283.55,7300.15,0
1981,"September","Far West",6443.35,6538.7,6538.7,6553.75,0.005,6538.705,6553.755,110.405
1981,"October","Far West",10449,10432.4,10432.4,10449,0.005,10432.405,10449.005,0.005
1981,"November","Far West",1622.5,2345.6,2345.6,2366.9,0.38,2345.98,2367.28,744.78
1981,"December","Far West",10516.7375,21309.5625,21352.1625,21387.7625,8.25125,21360.41375,21396.01375,10879.27625
1982,"January","Far West",19410.975,40273.525,40358.725,40408.625,16.1225,40374.8475,40424.7475,21013.7725
1982,"February","Far West",28305.2125,59237.4875,59365.2875,59429.4875,23.99375,59389.28125,59453.48125,31148.26875
1982,"March","Far West",37199.45,78201.45,78371.85,78450.35,31.865,78403.715,78482.215,41282.765
1982,"April","Far West",137.25,435.6,1296.05,1299.8,0.965,1297.015,1300.765,1163.515
1982,"May","Far West",43200.4,85327.7,85406.5,85472.2,41.37,85447.87,85513.57,42313.17
1982,"June","Far West",12333.4,23441.1,23441.1,23881.6,15.73,23456.83,23897.33,11563.93
1982,"July","Far West",2066.3,4700.8,4700.8,4849.4,4.325,4705.125,4853.725,2787.425
1982,"August","Far West",469.15,662.95,662.95,669.15,1.21,664.16,670.36,201.21
1982,"September","Far West",2836.15,4489.6,4489.6,4655.25,1.61,4491.21,4656.86,1820.71
1982,"October","Far West",3459.6,3995.6,4018.8,4264.1,0.98,4019.78,4265.08,805.48
1982,"November","Far West",870.7,2420.6,2420.6,2453.3,3.63,2424.23,2456.93,1586.23
1982,"December","Far West",672.425,1866.65,1960.3625,1985.225,2.73,1963.0925,1987.955,1315.53
1983,"January","Far West",474.15,1312.7,1500.125,1517.15,1.83,1501.955,1518.98,1044.83
1983,"February","Far West",275.875,758.75,1039.8875,1049.075,0.93,1040.8175,1050.005,774.13
1983,"March","Far West",77.6,204.8,579.65,581,0.03,579.68,581.03,503.43
1983,"April","Far West",206.7,1722.3,2248.45,2251.1,7.8,2256.25,2258.9,2052.2
1983,"May","Far West",11542.45,25077.15,25338.3,25347.4,16.295,25354.595,25363.695,13821.245
1983,"June","Far West",32974.5,66617.95,66647.3,66648.6,12.81,66660.11,66661.41,33686.91
1983,"July","Far West",9641.4,22558.5,22558.5,22558.5,19.61,22578.11,22578.11,12936.71
1983,"August","Far West",2693.35,5810.45,6893.5,6991.85,5.55,6899.05,6997.4,4304.05
1983,"September","Far West",1055.9,2216.6,2453.4,2479.4,3.65,2462.15,2488.15,1432.25
1983,"October","Far West",1198.35,1337.65,1491.25,1562,2.15,1493.4,1564.15,365.8
1983,"November","Far West",815.6,1015.1,1024.9,1029.8,1.87,1026.77,1031.67,216.07
1983,"December","Far West",1417.825,2060.3,2067.65,2074.35,2.205,2069.855,2076.555,658.73
1984,"January","Far West",2020.05,3105.5,3110.4,3118.9,2.54,3112.94,3121.44,1101.39
1984,"February","Far West",2622.275,4150.7,4153.15,4163.45,2.875,4156.025,4166.325,1544.05
1984,"March","Far West",3224.5,5195.9,5195.9,5208,3.21,5199.11,5211.21,1986.71
1984,"April","Far West",774.3,1430.1,1430.1,1515.9,20.83,1460.46,1546.26,771.96
1984,"May","Far West",263.6,515.65,515.65,538.9,9.215,524.865,548.115,284.515
1984,"June","Far West",1877.75,2366.65,2366.65,2380.2,3.985,2370.635,2384.185,506.435
1984,"July","Far West",5407.1,8853.05,8853.05,8935.8,5.175,8858.225,8940.975,3533.875
1984,"August","Far West",1104.15,2629.15,2629.15,2726.35,0.34,2629.49,2726.69,1622.54
1984,"September","Far West",3295.4,3868.4,3868.4,4447.8,0.17,3868.57,4447.97,1152.57
1984,"October","Far West",711.6,1423.9,1489.7,1602.4,0.02,1489.72,1602.42,890.82
1984,"November","Far West",572.35,1900.65,1900.65,2010.75,0.04,1900.69,2010.79,1438.44
1984,"December","Far West",602.4875,1690.7375,1695.8875,1820.6125,0.875,1696.7625,1821.4875,1219
1985,"January","Far West",632.625,1480.825,1491.125,1630.475,1.71,1492.835,1632.185,999.56
1985,"February","Far West",662.7625,1270.9125,1286.3625,1440.3375,2.545,1288.9075,1442.8825,780.12
1985,"March","Far West",692.9,1061,1081.6,1250.2,3.38,1084.98,1253.58,560.68
1985,"April","Far West",4416.05,4598.95,4598.95,4616.7,2.13,4601.08,4618.83,202.78
1985,"May","Far West",1516.4,1609.35,1609.35,1657.95,10.7,1618.85,1667.45,151.05
1985,"June","Far West",1209.5,1589.25,1694.75,1725.75,7.365,1702.115,1733.115,523.615
1985,"July","Far West",1842,1981.3,1981.3,1988.95,2.965,1984.265,1991.915,149.915
1985,"August","Far West",5822.4,6439.45,6439.45,6552.8,0.775,6440.225,6553.575,731.175
1985,"September","Far West",7656.35,7745.65,7745.65,7811.3,0.395,7746.045,7811.695,155.345
1985,"October","Far West",6288.1,6453.95,6453.95,6484.6,0.09,6454.04,6484.69,196.59
1985,"November","Far West",5538.8,5693.6,5693.6,5704.5,0.01,5693.61,5704.51,165.71
1985,"December","Far West",4169.825,4392.525,4622.4,4630.575,0.0075,4622.4075,4630.5825,460.7575
1986,"January","Far West",2800.85,3091.45,3551.2,3556.65,0.005,3551.205,3556.655,755.805
1986,"February","Far West",1431.875,1790.375,2480,2482.725,0.0025,2480.0025,2482.7275,1050.8525
1986,"March","Far West",62.9,489.3,1408.8,1408.8,0,1408.8,1408.8,1345.9
1986,"April","Far West",6602.45,18308.1,18503.85,18565.1,53.04,18556.89,18618.14,12015.69
1986,"May","Far West",9787.8,10725.8,10725.8,10767.7,25.63,10751.43,10793.33,1005.53
1986,"June","Far West",667.2,3154.4,3180.3,3188.1,28.67,3234.81,3242.61,2575.41
1986,"July","Far West",786.2,1041.55,1041.55,1082.1,0.76,842.86,910.36,438.06
1986,"August","Far West",1460.05,2534.5,2534.5,2541.35,0.6,2535.1,2541.95,1081.9
1986,"September","Far West",1333.65,2123.6,2123.6,2150.3,2.165,2125.765,2152.465,818.815
1986,"October","Far West",748,963.15,963.15,965.65,1.53,964.68,967.18,219.18
1986,"November","Far West",2895.5,3015.2,3015.2,3023.8,1.03,3016.23,3024.83,129.33
1986,"December","Far West",3175.6875,3914.7,3914.7,3952.3375,2.23625,3916.93625,3954.57375,778.88625
1987,"January","Far West",3455.875,4814.2,4814.2,4880.875,3.4425,4817.6425,4884.3175,1428.4425
1987,"February","Far West",3736.0625,5713.7,5713.7,5809.4125,4.64875,5718.34875,5814.06125,2077.99875
1987,"March","Far West",4016.25,6613.2,6613.2,6737.95,5.855,6619.055,6743.805,2727.555
1987,"April","Far West",3594.75,3572.9,3572.9,3594.75,6.32,3579.22,3601.07,6.32
1987,"May","Far West",5208,5344.8,5344.8,5382.75,2.965,5347.765,5385.715,177.715
1987,"June","Far West",5070.6,5063.85,5063.85,5070.6,1.365,5065.215,5071.965,1.365
1987,"July","Far West",544.7,589.6,589.6,590.1,0.02,589.62,590.12,45.42
1987,"August","Far West",288.05,427.45,427.45,428.2,0.11,427.56,428.31,140.26
1987,"September","Far West",303.3,486.5,486.5,487.4,0.1,486.61,487.51,257.05
1987,"October","Far West",202.2,335.55,335.55,336.35,0.065,335.615,336.415,134.215
1987,"November","Far West",776.8,1085.8,1085.8,1087,0.19,1085.99,1087.19,310.39
1987,"December","Far West",648.07,915.23,915.23,916.52,0.727,915.957,917.247,269.177
1988,"January","Far West",519.34,744.66,744.66,746.04,1.264,745.924,747.304,227.964
1988,"February","Far West",390.61,574.09,574.09,575.56,1.801,575.891,577.361,186.751
1988,"March","Far West",261.88,403.52,403.52,405.08,2.338,405.858,407.418,145.538
1988,"April","Far West",133.15,232.95,232.95,234.6,2.875,235.825,237.475,104.325
1988,"May","Far West",169.3,248.3,248.3,248.95,0.52,248.82,249.47,80.17
1988,"June","Far West",196.75,258.35,258.35,261,1.345,259.695,262.345,65.595
1988,"July","Far West",179.3,400.725,400.725,402.35,0.975,401.7,403.325,224.025
1988,"August","Far West",161.85,543.1,543.1,543.7,0.605,543.705,544.305,382.455
1988,"September","Far West",138.4,177.9,177.9,177.9,0.56,178.46,178.46,40.06
1988,"October","Far West",361.6,1140.8,1140.8,1140.8,0.15,1140.95,1140.95,779.35
1988,"November","Far West",2151.1,2400.8,2400.8,2405.7,0.07,2400.87,2405.77,254.67
1988,"December","Far West",1728.7,1921.6,1922.9,1982.225,0.405,1923.305,1982.63,253.93
1989,"January","Far West",1306.3,1442.4,1445,1558.75,0.74,1445.74,1559.49,253.19
1989,"February","Far West",883.9,963.2,967.1,1135.275,1.075,968.175,1136.35,252.45
1989,"March","Far West",461.5,484,489.2,711.8,1.41,490.61,713.21,251.71
1989,"April","Far West",536.2,1280.6,1280.6,1293.6,4.05,1284.65,1297.65,761.45
1989,"May","Far West",200.4,1772.6,1772.6,1773.5,1.075,1773.675,1774.575,1574.175
1989,"June","Far West",220.75,381.4,381.4,385.45,0.59,381.99,386.04,165.29
1989,"July","Far West",826.6,1896.7,1896.7,1911.3,0.49,1897.19,1911.79,1085.19
1989,"August","Far West",322,3964.2,3964.2,3966.4,0.16,3964.36,3966.56,3644.56
1989,"September","Far West",739.9,1697.5,1697.5,1699.3,0.01,1697.51,1699.31,959.41
1989,"October","Far West",173.9,871.4,871.4,873.65,0.02,871.42,873.67,699.77
1989,"November","Far West",147.58,777.78,777.78,782.06,0.032,777.812,782.092,634.512
1989,"December","Far West",121.26,684.16,684.16,690.47,0.044,684.204,690.514,569.254
1990,"January","Far West",94.94,590.54,590.54,598.88,0.056,590.596,598.936,503.996
1990,"February","Far West",68.62,496.92,496.92,507.29,0.068,496.988,507.358,438.738
1990,"March","Far West",42.3,403.3,403.3,415.7,0.08,403.38,415.78,373.48
1990,"April","Far West",0,274.6,294.6,294.6,0.02,294.62,294.62,294.62
1990,"May","Far West",41.7,383.9,383.9,384.7,0.39,383.95,384.75,343.05
1990,"June","Far West",535.6,727.55,727.55,734.05,0.475,728.025,734.525,198.925
1990,"July","Far West",115.35,629.9,629.9,630.05,0.21,630.11,630.26,514.91
1990,"August","Far West",63.2,452.95,452.95,452.95,0.07,453.02,453.02,389.82
1990,"September","Far West",80.9,1099.55,1099.55,1101.35,0.035,1099.585,1101.385,1020.485
1990,"October","Far West",313.4,1763.95,1763.95,1767.35,0.02,1763.97,1767.37,1453.97
1990,"November","Far West",196.1,642.5,642.5,642.5,0,642.5,642.5,446.4
1990,"December","Far West",440.4,998.36,998.36,1010.7,0.425,998.785,1011.125,570.725
1991,"January","Far West",684.7,1354.22,1354.22,1378.9,0.85,1355.07,1379.75,695.05
1991,"February","Far West",929,1710.08,1710.08,1747.1,1.275,1711.355,1748.375,819.375
1991,"March","Far West",1173.3,2065.94,2065.94,2115.3,1.7,2067.64,2117,943.7
1991,"April","Far West",1417.6,2421.8,2421.8,2483.5,2.125,2423.925,2485.625,1068.025
1991,"May","Far West",63.9,256.9,306,308.1,1.44,307.44,309.54,245.64
1991,"June","Far West",521.2,600.5,600.5,601.35,1.06,601.56,602.41,81.21
1991,"July","Far West",957.7,1182.6,1182.6,1186.6,0.33,1182.93,1186.93,229.23
1991,"August","Far West",624.45,1178.3,1183.25,1183.25,0.395,1183.645,1183.645,559.195
1991,"September","Far West",101.35,579.45,579.45,581.75,0.155,579.605,581.905,480.555
1991,"October","Far West",130.1,475.6,475.6,475.6,0.08,475.68,475.68,359.2
1991,"November","Far West",259.2,846.1,846.1,847.7,0,846.1,847.7,588.5
1991,"December","Far West",536.25,1141.8,1141.8,1143.7,0.41,1142.21,1144.11,607.86
1992,"January","Far West",813.3,1437.5,1437.5,1439.7,0.82,1438.32,1440.52,627.22
1992,"February","Far West",1090.35,1733.2,1733.2,1735.7,1.23,1734.43,1736.93,646.58
1992,"March","Far West",1367.4,2028.9,2028.9,2031.7,1.64,2030.54,2033.34,665.94
1992,"April","Far West",5832.55,5888.3,5888.3,5916.2,1.3,5889.6,5917.5,84.95
1992,"May","Far West",1356.85,1680.75,1680.75,1701.3,0.715,1681.465,1702.015,345.165
1992,"June","Far West",1485.9,1642.6,1642.6,1646.55,0.845,1643.445,1647.395,161.495
1992,"July","Far West",271.8,687.3,689,691.65,0.065,689.065,691.715,419.915
1992,"August","Far West",196.6,707.4,707.4,708.5,0.015,707.415,708.515,511.915
1992,"September","Far West",329.9,565.3,565.3,589.7,0.01,565.31,589.71,259.81
1992,"October","Far West",677.6,2211.9,2211.9,2287.3,0,2211.9,2287.3,1609.7
1992,"November","Far West",227.1,238.4,238.4,275.7,0,238.4,275.7,48.6
1992,"December","Far West",874.5,1263.475,1263.475,1310.775,0,1263.475,1310.775,436.275
1993,"January","Far West",1521.9,2288.55,2288.55,2345.85,0,2288.55,2345.85,823.95
1993,"February","Far West",2169.3,3313.625,3313.625,3380.925,0,3313.625,3380.925,1211.625
1993,"March","Far West",2816.7,4338.7,4338.7,4416,0,4338.7,4416,1599.3
1993,"April","Far West",1802.6,4378.3,4593.55,4648.7,1.61,4595.16,4650.31,2847.71
1993,"May","Far West",731.65,1308.7,1346,1356.65,1.835,1347.835,1358.485,626.835
1993,"June","Far West",2306.85,7748.65,7764.05,7796.3,47.195,7811.245,7843.495,5536.645
1993,"July","Far West",134.95,528.85,528.85,532.8,0.42,529.27,533.22,398.27
1993,"August","Far West",105.05,768.65,768.65,785.3,0.13,768.78,785.43,680.38
1993,"September","Far West",195,596.85,596.85,597.35,0.025,596.875,597.375,402.375
1993,"October","Far West",198.75,396.15,396.15,398.55,0.015,396.165,398.565,199.815
1993,"November","Far West",292.4,375.3,375.3,379.7,0,375.3,379.7,87.3
1993,"December","Far West",720.25,984.1,984.1,989.075,0.01,984.11,989.085,268.835
1994,"January","Far West",1148.1,1592.9,1592.9,1598.45,0.02,1592.92,1598.47,450.37
1994,"February","Far West",1575.95,2201.7,2201.7,2207.825,0.03,2201.73,2207.855,631.905
1994,"March","Far West",2003.8,2810.5,2810.5,2817.2,0.04,2810.54,2817.24,813.44
1994,"April","Far West",459.2,871.6,871.6,878.7,0.03,871.63,878.73,419.53
1994,"May","Far West",322.9,401.1,401.1,402.9,0.22,401.32,403.12,80.22
1994,"June","Far West",291.3,300.2,300.2,303.4,10.41,310.61,313.81,22.51
1994,"July","Far West",74.2,136.7,136.7,137.6,4.06,140.76,141.66,67.46
1994,"August","Far West",36.2,46.3,46.3,46.8,0.54,46.84,47.34,11.14
1994,"September","Far West",64.6,130.2,130.2,130.2,0.43,130.63,130.63,66.03
1994,"October","Far West",21.1,53.8,53.8,54.3,0.23,54.03,54.53,33.43
1994,"November","Far West",812.8,813.6,813.6,816,0,813.6,816,3.2
1994,"December","Far West",627.15,641.05,708.8,710.6,0,708.8,710.6,83.45
1995,"January","Far West",441.5,468.5,604,605.2,0,604,605.2,163.7
1995,"February","Far West",255.85,295.95,499.2,499.8,0,499.2,499.8,243.95
1995,"March","Far West",70.2,123.4,394.4,394.4,0,394.4,394.4,324.2
1995,"April","Far West",11368.6,28991.6,29020.6,29020.6,1.98,29022.58,29022.58,17653.98
1995,"May","Far West",306.6,1079.7,1747.1,1754.3,2.72,1749.82,1757.02,1450.42
1995,"June","Far West",5265.2,9123.2,9142.9,9166.5,2.74,9145.64,9169.24,3904.04
1995,"July","Far West",3929.5,7025.3,7025.3,7025.3,0.23,7025.53,7025.53,3096.03
1995,"August","Far West",478.8,492.2,492.2,521.5,2.97,495.17,524.47,45.67
1995,"September","Far West",213,286.5,286.5,286.8,1.56,288.06,288.36,75.36
1995,"October","Far West",1033.45,1098.9,1098.9,1100.1,0.05,1099.68,1100.88,67.43
1995,"November","Far West",1853.9,1911.3,1911.3,1913.4,0,1911.3,1913.4,59.5
1995,"December","Far West",1819.3,2503.275,2520.925,2526.45,0.0825,2521.0075,2526.5325,707.2325
1996,"January","Far West",1784.7,3095.25,3130.55,3139.5,0.165,3130.715,3139.665,1354.965
1996,"February","Far West",1750.1,3687.225,3740.175,3752.55,0.2475,3740.4225,3752.7975,2002.6975
1996,"March","Far West",1715.5,4279.2,4349.8,4365.6,0.33,4350.13,4365.93,2650.43
1996,"April","Far West",1768.9,3850.8,3864.7,3880.6,3.29,3867.99,3883.89,2114.99
1996,"May","Far West",184.8,322.2,322.2,334.4,5.36,327.56,339.76,154.96
1996,"June","Far West",190.3,516.5,516.5,519,0.55,517.05,519.55,329.25
1996,"July","Far West",52.1,98.3,98.3,99,5.35,103.65,104.35,52.25
1996,"August","Far West",138,296,296,298,0.87,296.87,298.87,160.87
1996,"September","Far West",409.9,486.6,486.6,490.5,0.28,486.88,490.78,80.88
1996,"October","Far West",1030.5,1213.9,1213.9,1216.6,0.05,1213.95,1216.65,186.15
1996,"November","Far West",1963,2379.1,2379.1,2383.8,0,2379.1,2383.8,420.8
1996,"December","Far West",1728.15,2185.4,2188.8,2195.725,0.2375,2189.0375,2195.9625,467.8125
1997,"January","Far West",1493.3,1991.7,1998.5,2007.65,0.475,1998.975,2008.125,514.825
1997,"February","Far West",1258.45,1798,1808.2,1819.575,0.7125,1808.9125,1820.2875,561.8375
1997,"March","Far West",1023.6,1604.3,1617.9,1631.5,0.95,1618.85,1632.45,608.85
1997,"April","Far West",98.2,482.9,482.9,489,1.75,484.65,490.75,392.55
1997,"May","Far West",167.9,259,259,260.6,0,259,260.6,92.7
1997,"June","Far West",86.7,159,159,161.6,3.18,162.18,164.78,78.08
1997,"July","Far West",121.6,162.2,162.2,164.6,2.37,164.57,166.97,45.37
1997,"August","Far West",3.2,16.1,16.1,16.1,1.2,17.3,17.3,14.1
1997,"September","Far West",451.9,450.4,450.4,451.9,0.42,450.82,452.32,0.42
1997,"October","Far West",606.8,635.7,635.7,646,0.49,636.19,646.49,39.69
1997,"November","Far West",654.1,1418.5,1418.5,1424.9,0.01,1418.51,1424.91,770.81
1997,"December","Far West",2186.775,3957.15,3982.825,3988.6,0.1175,3982.9425,3988.7175,1801.9425
1998,"January","Far West",3719.45,6495.8,6547.15,6552.3,0.225,6547.375,6552.525,2833.075
1998,"February","Far West",5252.125,9034.45,9111.475,9116,0.3325,9111.8075,9116.3325,3864.2075
1998,"March","Far West",6784.8,11573.1,11675.8,11679.7,0.44,11676.24,11680.14,4895.34
1998,"April","Far West",1585.7,2852.6,2866.1,2907.9,9.97,2876.07,2917.87,1332.17
1998,"May","Far West",2447,7351.5,7351.5,7404.5,25.98,7377.48,7430.48,4983.48
1998,"June","Far West",3169.8,7213.2,7902.2,7961,2.27,7904.47,7963.27,4793.47
1998,"July","Far West",1952.9,3470.3,3470.3,3482.8,2.61,3472.91,3485.41,1532.51
1998,"August","Far West",325.4,579.8,579.8,588.3,2.09,581.89,590.39,264.99
1998,"September","Far West",188.6,692.8,692.8,694.9,1.6,694.4,696.5,507.9
1998,"October","Far West",104.3,233.6,338.1,350.9,1.42,339.52,352.32,248.02
1998,"November","Far West",208.9,376.9,376.9,380.7,1.07,377.97,381.77,172.87
1998,"December","Far West",1434.1,2827.3,2839.95,2890.525,0.8475,2840.7975,2891.3725,1457.2725
1999,"January","Far West",2659.3,5277.7,5303,5400.35,0.625,5303.625,5400.975,2741.675
1999,"February","Far West",3884.5,7728.1,7766.05,7910.175,0.4025,7766.4525,7910.5775,4026.0775
1999,"March","Far West",5109.7,10178.5,10229.1,10420,0.18,10229.28,10420.18,5310.48
1999,"April","Far West",3160.7,5761.9,5776,5801.1,1.97,5777.97,5803.07,2642.37
1999,"May","Far West",395.5,466.6,466.6,474.9,2.81,469.41,477.71,82.21
1999,"June","Far West",230.3,549.6,549.6,565.9,14.26,563.86,580.16,349.86
1999,"July","Far West",142.3,206,206,210.9,4.19,210.19,215.09,72.79
1999,"August","Far West",60.4,90.1,90.1,97.2,2.09,92.19,99.29,38.89
1999,"September","Far West",374,436.3,436.3,440,1.32,437.62,441.32,67.32
1999,"October","Far West",2136.5,2206.1,2206.1,2227.3,0.01,2206.11,2227.31,90.81
1999,"November","Far West",1653.6,1637.6,1637.6,1653.6,0.48,1638.08,1654.08,0.48
1999,"December","Far West",2908.975,4841.225,4885.4,4898.425,0.874,1536.934,1551.314,118.034
2000,"January","Far West",4164.35,8044.85,8133.2,8143.25,1.268,1435.788,1448.548,235.588
2000,"February","Far West",5419.725,11248.475,11381,11388.075,1.662,1334.642,1345.782,353.142
2000,"March","Far West",6675.1,14452.1,14628.8,14632.9,2.056,1233.496,1243.016,470.696
2000,"April","Far West",552,1129.9,1129.9,1137.8,2.45,1132.35,1140.25,588.25
2000,"May","Far West",168,456.8,456.8,473.6,75.59,532.39,549.19,381.19
2000,"June","Far West",48.9,175.4,175.4,175.4,15.31,190.71,190.71,141.81
2000,"July","Far West",67.9,111.7,111.7,112.2,1.98,113.68,114.18,46.28
2000,"August","Far West",73.7,148.6,148.6,153.9,2.1,150.7,156,82.3
2000,"September","Far West",326.4,458.9,458.9,460.4,0.3,459.2,460.7,134.3
2000,"October","Far West",329.6,327.7,327.7,329.6,0.63,328.33,330.23,0.63
2000,"November","Far West",792.1,858.7,858.7,862,0.03,858.73,862.03,69.93
2000,"December","Far West",1301.5,1653.15,1653.15,1658.95,0.0225,1653.1725,1658.9725,357.4725
2001,"January","Far West",1810.9,2447.6,2447.6,2455.9,0.015,2447.615,2455.915,645.015
2001,"February","Far West",2320.3,3242.05,3242.05,3252.85,0.0075,3242.0575,3252.8575,932.5575
2001,"March","Far West",2829.7,4036.5,4036.5,4049.8,0,4036.5,4049.8,1220.1
2001,"April","Far West",249.6,299.1,299.1,300.9,0.75,299.85,301.65,52.05
2001,"May","Far West",998.6,1066.5,1066.5,1077.3,0.04,1066.54,1077.34,78.74
2001,"June","Far West",199.6,192.5,192.5,210.3,0.02,192.52,210.32,10.72
2001,"July","Far West",60.8,58.7,58.7,60.8,0.07,58.77,60.87,0.07
2001,"August","Far West",208.1,235.8,235.8,239.7,1.18,236.98,240.88,32.78
2001,"September","Far West",104.2,104,104,104.7,1.68,105.68,106.38,2.18
2001,"October","Far West",300.2,297.2,297.2,300.2,0.06,297.26,300.26,0.06
2001,"November","Far West",517.6,516.4,516.4,517.6,0.2,516.6,517.8,0.2
2001,"December","Far West",613.3,791.225,795.4,796.725,0.2225,795.6225,796.9475,183.6475
2002,"January","Far West",709,1066.05,1074.4,1075.85,0.245,1074.645,1076.095,367.095
2002,"February","Far West",804.7,1340.875,1353.4,1354.975,0.2675,1353.6675,1355.2425,550.5425
2002,"March","Far West",900.4,1615.7,1632.4,1634.1,0.29,1632.69,1634.39,733.99
2002,"April","Far West",788.8,922.8,922.8,927.4,2.32,925.12,929.72,140.92
2002,"May","Far West",171.8,172.6,172.6,174.9,0.66,173.26,175.56,3.76
2002,"June","Far West",68.2,68.2,68.2,68.2,0.72,68.92,68.92,0.72
2002,"July","Far West",136,139.3,139.3,141.6,2.17,141.47,143.77,7.77
2002,"August","Far West",53.3,52.1,52.1,53.3,3.49,55.59,56.79,3.49
2002,"September","Far West",44.9,63.8,63.8,64.5,0.33,64.13,64.83,19.93
2002,"October","Far West",539.7,656.5,656.5,657.3,0,656.5,657.3,117.6
2002,"November","Far West",880.3,1064.5,1064.5,1077.5,0,1064.5,1077.5,197.2
2002,"December","Far West",1963.05,2611.775,2611.775,2623.225,0,2611.775,2623.225,660.175
2003,"January","Far West",3045.8,4159.05,4159.05,4168.95,0,4159.05,4168.95,1123.15
2003,"February","Far West",4128.55,5706.325,5706.325,5714.675,0,5706.325,5714.675,1586.125
2003,"March","Far West",5211.3,7253.6,7253.6,7260.4,0,7253.6,7260.4,2049.1
2003,"April","Far West",5284.7,6486.4,6486.4,6506.1,0.12,6486.52,6506.22,1221.52
2003,"May","Far West",372.3,581.8,808,842.8,3.44,811.44,846.24,473.94
2003,"June","Far West",72.5,170,170,170.7,7.77,177.77,178.47,105.97
2003,"July","Far West",357.4,442.9,442.9,446.7,0.49,443.39,447.19,89.79
2003,"August","Far West",97.7,103.8,103.8,119.6,0.57,104.37,120.17,22.47
2003,"September","Far West",127.9,147,148.3,148.9,0.15,148.45,149.05,21.15
2003,"October","Far West",449.5,445,445,449.5,0,445,449.5,0
2003,"November","Far West",6234,6225.5,6225.5,6234,0,6225.5,6234,0
2003,"December","Far West",5104.175,5559,5563.975,5576.7,0.08,5564.055,5576.78,472.605
2004,"January","Far West",3974.35,4892.5,4902.45,4919.4,0.16,4902.61,4919.56,945.21
2004,"February","Far West",2844.525,4226,4240.925,4262.1,0.24,4241.165,4262.34,1417.815
2004,"March","Far West",1714.7,3559.5,3579.4,3604.8,0.32,3579.72,3605.12,1890.42
2004,"April","Far West",125.3,306.3,308,312.4,0.62,308.62,313.02,187.72
2004,"May","Far West",76.2,206.3,214.7,218.7,0.59,215.29,219.29,143.09
2004,"June","Far West",202.8,234.7,234.7,234.8,0.8,235.5,235.6,32.8
2004,"July","Far West",162.7,189.2,189.2,189.2,1.92,191.12,191.12,28.42
2004,"August","Far West",85.8,157.3,157.3,158,0.94,158.24,158.94,73.14
2004,"September","Far West",69.1,85.8,85.8,87.7,0.45,86.25,88.15,19.05
2004,"October","Far West",361.6,424.2,424.2,425.6,0.08,424.28,425.68,64.08
2004,"November","Far West",1107.5,1208.8,1208.8,1230.8,0.01,1208.81,1230.81,123.31
2004,"December","Far West",967.8,1164.525,1164.525,1182.675,0.0475,1164.5725,1182.7225,214.9225
2005,"January","Far West",828.1,1120.25,1120.25,1134.55,0.085,1120.335,1134.635,306.535
2005,"February","Far West",688.4,1075.975,1075.975,1086.425,0.1225,1076.0975,1086.5475,398.1475
2005,"March","Far West",548.7,1031.7,1031.7,1038.3,0.16,1031.86,1038.46,489.76
2005,"April","Far West",553.1,600.2,601.1,603.5,0.21,601.31,603.71,50.61
2005,"May","Far West",171.4,247.8,252.9,255.8,1.83,254.73,257.63,86.23
2005,"June","Far West",196.7,232.6,232.6,233.6,0.06,232.66,233.66,36.96
2005,"July","Far West",117.6,169.4,169.4,169.6,1.13,170.53,170.73,53.13
2005,"August","Far West",123.8,178.5,178.5,179.1,2.41,180.91,181.51,57.71
2005,"September","Far West",360,454.2,454.2,457.2,0.23,454.43,457.43,97.43
2005,"October","Far West",535,606.1,606.1,609.3,0,606.1,609.3,74.3
2005,"November","Far West",578.4,815.8,815.8,816.5,0.01,815.81,816.51,238.11
2005,"December","Far West",1218.35,2482.45,2492.15,2496.05,0.29,2492.44,2496.34,1277.99
2006,"January","Far West",1858.3,4149.1,4168.5,4175.6,0.57,4169.07,4176.17,2317.87
2006,"February","Far West",2498.25,5815.75,5844.85,5855.15,0.85,5845.7,5856,3357.75
2006,"March","Far West",3138.2,7482.4,7521.2,7534.7,1.13,7522.33,7535.83,4397.63
2006,"April","Far West",142.6,405.9,1039.7,1042.6,0.03,1039.73,1042.63,900.03
2006,"May","Far West",10930.3,25198.6,25270.7,25301.1,44.49,25315.19,25345.59,14415.29
2006,"June","Far West",2296.8,5869.2,5885,5937.9,4.73,5889.73,5942.63,3645.83
2006,"July","Far West",168.4,220.2,220.2,222.3,2.7,222.9,225,56.6
2006,"August","Far West",1054.7,1084.5,1084.5,1087.3,1.96,1086.46,1089.26,34.56
2006,"September","Far West",164.4,210,211.1,215.8,0.5,211.6,216.3,51.9
2006,"October","Far West",7.9,7.9,7.9,7.9,0,7.9,7.9,0
2006,"November","Far West",376.9,423.7,423.7,424.1,0,423.7,424.1,47.2
2006,"December","Far West",541.175,581.775,593.975,595.125,0,593.975,595.125,53.95
2007,"January","Far West",705.45,739.85,764.25,766.15,0,764.25,766.15,60.7
2007,"February","Far West",869.725,897.925,934.525,937.175,0,934.525,937.175,67.45
2007,"March","Far West",1034,1056,1104.8,1108.2,0,1104.8,1108.2,74.2
2007,"April","Far West",366.1,386.9,386.9,389.9,0.07,386.97,389.97,23.87
2007,"May","Far West",273.8,354.5,354.5,355.2,0,354.5,355.2,81.4
2007,"June","Far West",459.2,511.9,511.9,515,0.56,512.46,515.56,56.36
2007,"July","Far West",1153,1160.5,1160.5,1164.8,0.04,1160.54,1164.84,11.84
2007,"August","Far West",1948.9,1951.6,1951.6,1956.6,0,1951.6,1956.6,7.7
2007,"September","Far West",1700.4,1732.9,1732.9,1734.5,0.06,1732.96,1734.56,34.16
2007,"October","Far West",2543.8,2666.5,2667.7,2672.4,0,2667.7,2672.4,128.6
2007,"November","Far West",2216.9,2300.2,2300.2,2303.9,0,2300.2,2303.9,87
2007,"December","Far West",1915.45,2062,2062,2065.775,0.245,2062.245,2066.02,150.57
2008,"January","Far West",1614,1823.8,1823.8,1827.65,0.49,1824.29,1828.14,214.14
2008,"February","Far West",1312.55,1585.6,1585.6,1589.525,0.735,1586.335,1590.26,277.71
2008,"March","Far West",1011.1,1347.4,1347.4,1351.4,0.98,1348.38,1352.38,341.28
2008,"April","Far West",681,831.6,831.6,837.7,0.26,831.86,837.96,156.96
2008,"May","Far West",240.5,333.9,333.9,335.5,0.13,334.03,335.63,95.13
2008,"June","Far West",474.3,495.4,495.4,498,0.02,495.42,498.02,23.72
2008,"July","Far West",363.8,391.3,391.3,391.6,0,391.3,391.6,27.8
2008,"August","Far West",2300.2,2298.7,2298.7,2306.5,0.13,2298.83,2306.63,6.43
2008,"September","Far West",2479.4,2521.2,2521.2,2524.2,0,2521.2,2524.2,44.8
2008,"October","Far West",1210,1293.3,1298.6,1300.7,0,1298.6,1300.7,90.7
2008,"November","Far West",1064.7,1232.5,1232.5,1235.4,0,1232.5,1235.4,170.7
2008,"December","Far West",1055.8,1254.8,1254.8,1258.775,0,1254.8,1258.775,202.975
2009,"January","Far West",1046.9,1277.1,1277.1,1282.15,0,1277.1,1282.15,235.25
2009,"February","Far West",1038,1299.4,1299.4,1305.525,0,1299.4,1305.525,267.525
2009,"March","Far West",1029.1,1321.7,1321.7,1328.9,0,1321.7,1328.9,299.8
2009,"April","Far West",177.7,347.3,347.3,350.5,0.02,347.32,350.52,172.82
2009,"May","Far West",525.9,570.2,570.2,579.5,0,570.2,579.5,53.6
2009,"June","Far West",805.2,868.8,868.8,870.8,0,868.8,870.8,65.6
2009,"July","Far West",1789.7,1793.4,1793.4,1796.5,0,1793.4,1796.5,6.8
2009,"August","Far West",2903,3104.6,3104.6,3107.3,0.31,3104.91,3107.61,204.61
2009,"September","Far West",1451.8,1486.9,1486.9,1489.4,0,1486.9,1489.4,37.6
2009,"October","Far West",1325.5,1346.1,1346.1,1347.3,0.01,1346.11,1347.31,21.81
2009,"November","Far West",1520.7,1638.3,1638.3,1639.5,0,1638.3,1639.5,118.8
2009,"December","Far West",1580.275,1864.075,1865.45,1867.1,0.0125,1865.4625,1867.1125,286.8375
2010,"January","Far West",1639.85,2089.85,2092.6,2094.7,0.025,2092.625,2094.725,454.875
2010,"February","Far West",1699.425,2315.625,2319.75,2322.3,0.0375,2319.7875,2322.3375,622.9125
2010,"March","Far West",1759,2541.4,2546.9,2549.9,0.05,2546.95,2549.95,790.95
2010,"April","Far West",785.4,1073.8,1073.8,1074.7,0,1073.8,1074.7,289.3
2010,"May","Far West",543.2,737.1,737.1,739.65,0.43,737.53,740.08,196.88
2010,"June","Far West",301,400.4,400.4,404.6,0.86,401.26,405.46,104.46
2010,"July","Far West",408.1,455,455,456.7,1.73,456.73,458.43,50.33
2010,"August","Far West",814,826.4,826.4,833.6,0.53,826.93,834.13,20.13
2010,"September","Far West",605.6,670.5,670.5,677.5,0.04,670.54,677.54,71.94
2010,"October","Far West",1286.2,1320.3,1320.3,1328,0,1320.3,1328,41.8
2010,"November","Far West",4922.4,5120.5,5120.5,5153.8,0,5120.5,5153.8,231.4
2010,"December","Far West",3817.45,3999.45,3999.675,4031.475,0.0025,3999.6775,4031.4775,214.0275
2011,"January","Far West",2712.5,2878.4,2878.85,2909.15,0.005,2878.855,2909.155,196.655
2011,"February","Far West",1607.55,1757.35,1758.025,1786.825,0.0075,1758.0325,1786.8325,179.2825
2011,"March","Far West",502.6,636.3,637.2,664.5,0.01,637.21,664.51,161.91
2011,"April","Far West",12164.9,21442,22590.7,22628.1,0.37,22591.07,22628.47,10463.57
2011,"May","Far West",3603.9,5737.5,5887.8,6054.1,2.59,5890.39,6056.69,2452.79
2011,"June","Far West",1481,1929.9,1936.7,2025.6,0.16,1936.86,2025.76,544.76
2011,"July","Far West",893.2,1543.5,1545.2,1568.1,1.49,1546.69,1569.59,676.39
2011,"August","Far West",2561.7,2649.4,2649.4,2655.1,0.13,2649.53,2655.23,93.53
2011,"September","Far West",3102.3,3177.2,3177.2,3188.7,1.08,3178.28,3189.78,87.48
2011,"October","Far West",2722.1,3184.6,3184.6,3193.5,0,3184.6,3193.5,471.4
2011,"November","Far West",2722.5,3602.4,3602.4,3611.3,0,3602.4,3611.3,888.8
2011,"December","Far West",2076.225,2781.525,2782.15,2792.525,0.025,2782.175,2792.55,716.325
2012,"January","Far West",1429.95,1960.65,1961.9,1973.75,0.05,1961.95,1973.8,543.85
2012,"February","Far West",783.675,1139.775,1141.65,1154.975,0.075,1141.725,1155.05,371.375
2012,"March","Far West",137.4,318.9,321.4,336.2,0.1,321.5,336.3,198.9
2012,"April","Far West",91.8,149.6,156.9,161.2,0.23,157.13,161.43,69.63
2012,"May","Far West",213.4,266.6,266.6,269.3,2.84,269.44,272.14,58.74
2012,"June","Far West",419.3,462.6,462.6,462.9,2.04,464.64,464.94,45.64
2012,"July","Far West",546.8,566.4,566.4,567.1,0.77,567.17,567.87,21.07
2012,"August","Far West",4243.3,4257.6,4257.6,4264.7,0.51,4258.11,4265.21,21.91
2012,"September","Far West",2534.7,2569.5,2569.5,2575.7,0.07,2569.57,2575.77,41.07
2012,"October","Far West",3126.2,3221.5,3221.5,3224.3,0,3221.5,3224.3,98.1
2012,"November","Far West",3132.3,3623.4,3623.4,3624.5,0.1,3623.5,3624.6,492.3
2012,"December","Far West",2439.65,2857.4,2857.4,2858.6,0.0925,2857.4925,2858.6925,419.0425
2013,"January","Far West",1747,2091.4,2091.4,2092.7,0.085,2091.485,2092.785,345.785
2013,"February","Far West",1054.35,1325.4,1325.4,1326.8,0.0775,1325.4775,1326.8775,272.5275
2013,"March","Far West",361.7,559.4,559.4,560.9,0.07,559.47,560.97,199.27
2013,"April","Far West",728,1078.6,1078.6,1083.2,0.18,1078.78,1083.38,355.38
2013,"May","Far West",616.5,656.2,656.2,658.2,5.34,661.54,663.54,47.04
2013,"June","Far West",931.6,946.7,946.7,948.2,0.69,947.39,948.89,17.29
2013,"July","Far West",746.6,791.4,791.4,796.4,0.26,791.66,796.66,50.06
2013,"August","Far West",734.2,965.9,965.9,966.8,0.06,965.96,966.86,232.66
2013,"September","Far West",1018,1161.3,1161.3,1162,0.02,1161.32,1162.02,144.02
2013,"October","Far West",946.4,1103.7,1103.7,1104.1,0,1103.7,1104.1,157.7
2013,"November","Far West",1165.7,1312,1312,1312.8,0,1312,1312.8,147.1
2013,"December","Far West",1006.05,1230.55,1230.55,1231.425,0.0125,1230.5625,1231.4375,225.3875
2014,"January","Far West",846.4,1149.1,1149.1,1150.05,0.025,1149.125,1150.075,303.675
2014,"February","Far West",686.75,1067.65,1067.65,1068.675,0.0375,1067.6875,1068.7125,381.9625
2014,"March","Far West",527.1,986.2,986.2,987.3,0.05,986.25,987.35,460.25
2014,"April","Far West",847.7,2162.1,2162.1,2164.5,0,2162.1,2164.5,1316.8
2014,"May","Far West",788.8,850.9,850.9,854.2,1.09,851.99,855.29,66.49
2014,"June","Far West",1062.4,1195,1195,1198.2,0.16,1195.16,1198.36,135.96
2014,"July","Far West",1001.7,1018.4,1018.4,1019.6,0.02,1018.42,1019.62,17.92
2014,"August","Far West",290,357.3,357.3,358.1,0.63,357.93,358.73,68.73
2014,"September","Far West",1155.3,1358.2,1358.2,1358.2,0,1358.2,1358.2,202.9
2014,"October","Far West",1687.7,2009.2,2009.2,2010.2,0,2009.2,2010.2,322.5
2014,"November","Far West",893.5,1149.8,1149.8,1150.6,0,1149.8,1150.6,257.1
2014,"December","Far West",1487.6,1744.475,1745,1746.9,0,1745,1746.9,259.3
2015,"January","Far West",2081.7,2339.15,2340.2,2343.2,0,2340.2,2343.2,261.5
2015,"February","Far West",2675.8,2933.825,2935.4,2939.5,0,2935.4,2939.5,263.7
2015,"March","Far West",3269.9,3528.5,3530.6,3535.8,0,3530.6,3535.8,265.9
2015,"April","Far West",2852.1,2926.7,2926.7,2932.3,0.1,2926.8,2932.4,80.3
2015,"May","Far West",607.2,647,647,648,1.07,648.07,649.07,41.87
2015,"June","Far West",1605.7,1716.1,1716.1,1716.6,0.65,1716.75,1717.25,111.55
2015,"July","Far West",1100.6,1182.7,1182.7,1186.95,0.635,1183.335,1187.585,86.985
2015,"August","Far West",595.5,649.3,649.3,657.3,0.62,649.92,657.92,62.42
2015,"September","Far West",2778.4,3223,3223,3233.2,0,3223,3233.2,454.8
2015,"October","Far West",2034.8,2328.6,4654.5,4661.5,0,4654.5,4661.5,2626.7
2015,"November","Far West",1164,1511.6,1525.1,1529.7,0,1525.1,1529.7,365.7
2015,"December","Far West",1136.9,1444,1454.125,1464.8,0.1225,1454.2475,1464.9225,328.0225
2016,"January","Far West",1109.8,1376.4,1383.15,1399.9,0.245,1383.395,1400.145,290.345
2016,"February","Far West",1082.7,1308.8,1312.175,1335,0.3675,1312.5425,1335.3675,252.6675
2016,"March","Far West",1055.6,1241.2,1241.2,1270.1,0.49,1241.69,1270.59,214.99
2016,"April","Far West",472,565,565,568,0.76,565.76,568.76,96.76
2016,"May","Far West",877.4,914.3,914.3,924.5,2.13,916.43,926.63,49.23
2016,"June","Far West",215.4,262.4,262.4,264.7,10.91,273.31,275.61,60.21
2016,"July","Far West",1083.4,1078.3,1078.3,1083.4,5.5,1083.8,1088.9,5.5
2016,"August","Far West",805.4,846,846,851.1,1.15,847.15,852.25,46.85
2016,"September","Far West",2859.5,2994.5,2994.5,2998.3,2.57,2997.07,3000.87,141.37
2016,"October","Far West",966.7,1071.1,1077.6,1080.8,0,1077.6,1080.8,114.1
2016,"November","Far West",3893.3,5154.5,5376.4,5393.3,0,5376.4,5393.3,1500
2016,"December","Far West",2986.6,4062.925,4317.025,4330.575,0,4317.025,4330.575,1343.975
2017,"January","Far West",2079.9,2971.35,3257.65,3267.85,0,3257.65,3267.85,1187.95
2017,"February","Far West",1173.2,1879.775,2198.275,2205.125,0,2198.275,2205.125,1031.925
2017,"March","Far West",266.5,788.2,1138.9,1142.4,0,1138.9,1142.4,875.9
2017,"April","Far West",3104.1,9265,9345.3,9361.1,19.33,9364.63,9380.43,6276.33
2017,"May","Far West",2579.4,3718.5,3807.6,3900.2,26.33,3833.93,3926.53,1347.13
2017,"June","Far West",569.7,853.7,853.7,857.6,6.39,860.09,863.99,294.29
2017,"July","Far West",1374,1450.8,1450.8,1461.5,3.9,1454.7,1465.4,91.4
2017,"August","Far West",321.4,355.9,355.9,357.5,2.68,358.58,360.18,38.78
2017,"September","Far West",381.8,423.6,423.6,428.9,2.69,426.29,431.59,49.79
2017,"October","Far West",556.7,653.2,653.2,660.4,2.11,655.31,662.51,105.81
2017,"November","Far West",677.3,864.8,864.8,865,0.33,865.13,865.33,188.03
2017,"December","Far West",663.45,822.85,823.375,826.025,0.2625,823.6375,826.2875,162.8375
2018,"January","Far West",649.6,780.9,781.95,787.05,0.195,782.145,787.245,137.645
2018,"February","Far West",635.75,738.95,740.525,748.075,0.1275,740.6525,748.2025,112.4525
2018,"March","Far West",621.9,697,699.1,709.1,0.06,699.16,709.16,87.26
2018,"April","Far West",399.3,771.8,1053.7,1057.8,0.35,1054.05,1058.15,658.85
2018,"May","Far West",385.4,441.4,441.4,443.9,0.79,442.19,444.69,59.29
2018,"June","Far West",352.9,411,411,414.3,4.72,415.72,419.02,66.12
2018,"July","Far West",1154.3,1229.7,1229.7,1235.9,1.94,1231.64,1237.84,83.54
2018,"August","Far West",1226.1,1247.7,1247.7,1251.9,2.7,1250.4,1254.6,28.5
2018,"September","Far West",1969.1,1984.6,1984.6,1990.3,0.04,1984.64,1990.34,21.24
2018,"October","Far West",3118.9,3238.8,3238.8,3244.7,0,3238.8,3244.7,125.8
2018,"November","Far West",2467.3,2704.5,2704.5,2715.9,0,2704.5,2715.9,248.6
2018,"December","Far West",2319.425,3025.2,3077.725,3087.15,0.495,3078.22,3087.645,768.22
2019,"January","Far West",2171.55,3345.9,3450.95,3458.4,0.99,3451.94,3459.39,1287.84
2019,"February","Far West",2023.675,3666.6,3824.175,3829.65,1.485,3825.66,3831.135,1807.46
2019,"March","Far West",1875.8,3987.3,4197.4,4200.9,1.98,4199.38,4202.88,2327.08
2019,"April","Far West",2412.8,3510,3637.6,3644.5,11.05,3648.65,3655.55,1242.75
2019,"May","Far West",640.9,919.4,919.4,921.6,10.84,930.24,932.44,291.54
2019,"June","Far West",1523.7,1899,1902.5,1914.7,9.12,1911.62,1923.82,400.12
2019,"July","Far West",65.1,111.9,111.9,117.9,7.74,119.64,125.64,60.54
2019,"August","Far West",729.8,754.7,754.7,763.9,15.21,769.91,779.11,49.31
2019,"September","Far West",301.7,342.1,342.1,346.7,9.55,351.65,356.25,54.55
2019,"October","Far West",390.9,447.7,447.7,455.5,3.06,450.76,458.56,67.66
2019,"November","Far West",1042.3,1218.8,1229.7,1233.4,0,1229.7,1233.4,191.1
2019,"December","Far West",NA,NA,NA,NA,NA,NA,NA,NA
1974,"January","West",NA,NA,NA,NA,NA,NA,NA,NA
1974,"February","West",NA,NA,NA,NA,NA,NA,NA,NA
1974,"March","West",132.8,545.5,643,660.9,4.59,647.6,665.5,532.7
1974,"April","West",201,266.95,1108.5,1113.2,0.91,1128.93,1133.63,1004.13
1974,"May","West",1243.95,9614.45,29961.75,29986,72.25,30051.46,30075.71,24398.16
1974,"June","West",5547.7,16183,16183,16195,72.375,16215.12,16227.12,11510.86
1974,"July","West",6328.3,22898.5,22898.5,23010.2,31.65,22974.38,23086.08,14862.98
1974,"August","West",10707.6,28172,28172,28317,28.51,28202.33,28347.33,18250.17
1974,"September","West",2298.55,6808.35,8075.85,8148.15,17.245,8105.465,8177.765,5687.725
1974,"October","West",4553.45,16936.15,16936.15,16940.35,12.085,16940.425,16944.625,12040.785
1974,"November","West",2274.2,5054.2,5117.2,5142.7,2.17,5119.37,5144.87,3570.66
1974,"December","West",1741.3125,4048,4137.275,4162.1125,4.6325,4141.42875,4166.26625,2949.94625
1975,"January","West",1208.425,3041.8,3157.35,3181.525,7.095,3163.4875,3187.6625,2329.2325
1975,"February","West",675.5375,2035.6,2177.425,2200.9375,9.5575,2185.54625,2209.05875,1708.51875
1975,"March","West",142.65,1029.4,1197.5,1220.35,12.02,1207.605,1230.455,1087.805
1975,"April","West",119.9,1253.6,1411.6,1414.1,3.6,1412.62,1415.12,1294.14
1975,"May","West",732.3,2990.9,4944.35,4994.7,14.78,4954.53,5004.88,3855.71
1975,"June","West",766.3,1616.1,6044.2,6048.4,18.6,6079.02,6083.22,2046.3
1975,"July","West",4969.1,11940,11969.8,12002.6,25.49,11983.85,12016.65,2506.69
1975,"August","West",3961.2,10244.2,10244.2,10305,11.75,10261.46,10322.26,6143.41
1975,"September","West",3670.35,5552.3,6356.1,6423.15,10.5,6365.32,6432.37,3720.16
1975,"October","West",4369.7,6576.3,6665.3,6686.1,9.32,6684.55,6705.35,3658.25
1975,"November","West",2235.4,3481.4,3533.2,3619.5,9.16,3542.36,3628.66,961.75
1975,"December","West",2068.925,3536.75,3575.6,3677.825,7.8075,3583.0775,3685.3025,1347.55
1976,"January","West",1902.45,3592.1,3618,3736.15,6.455,3623.795,3741.945,1733.35
1976,"February","West",1735.975,3647.45,3660.4,3794.475,5.1025,3664.5125,3798.5875,2119.15
1976,"March","West",1569.5,3702.8,3702.8,3852.8,3.75,3705.23,3855.23,2504.95
1976,"April","West",1603.45,3568.1,3870.45,3935.45,23.91,3891.84,3956.84,2780.44
1976,"May","West",2823.35,6829.85,6829.85,6853.55,42.075,7003.445,7027.145,4154.445
1976,"June","West",1785.1,7274.25,7274.25,7292.8,48.27,7316.145,7334.695,5008.155
1976,"July","West",2044.95,8241.85,8302.7,8377.05,6.74,8307.705,8382.055,5967.155
1976,"August","West",1106.05,5113.1,5113.1,5147.4,1.51,5115.365,5149.665,468.455
1976,"September","West",2851.2,8420.8,8420.8,8463.6,0.59,8421.24,8464.04,3226.55
1976,"October","West",3466.8,5108.25,5108.25,5127.95,0.86,5112.455,5132.155,1532.175
1976,"November","West",4806.65,5388.7,5388.7,5403.3,0.555,5389.02,5403.62,1105.33
1976,"December","West",4477.2625,5479.6,5479.6,5494.775,0.53125,5479.8825,5495.0575,1257.1825
1977,"January","West",4147.875,5570.5,5570.5,5586.25,0.5075,5570.745,5586.495,1409.035
1977,"February","West",3818.4875,5661.4,5661.4,5677.725,0.48375,5661.6075,5677.9325,1560.8875
1977,"March","West",3489.1,5752.3,5752.3,5769.2,0.46,5752.47,5769.37,1712.74
1977,"April","West",3849.85,6520.6,6520.6,6752.05,1.22,6524.805,6756.255,916.445
1977,"May","West",4510.35,6504.5,6504.5,6537.5,0.27,6512.41,6545.41,351
1977,"June","West",9433.85,11039.3,11039.3,11068.8,0.575,11039.305,11068.805,115.265
1977,"July","West",7472.2,13662.9,13662.9,13686.6,0.005,13663.845,13687.545,210.11
1977,"August","West",11346.3,11775.6,11775.6,11811.65,0.03,11775.6,11811.65,132.48
1977,"September","West",6785.95,8454.45,8454.45,8478.1,0,8454.45,8478.1,181.865
1977,"October","West",14445.8,14440.4,14451.15,14456.55,0,14451.15,14456.55,11.18
1977,"November","West",1445.5,4228.3,4228.3,4268.5,0.1,4229.02,4269.22,1137.79
1977,"December","West",1112.325,3228.85,3337.45,3370,0.33,3338.0725,3370.6225,993.85
1978,"January","West",779.15,2229.4,2446.6,2471.5,0.56,2447.125,2472.025,849.91
1978,"February","West",445.975,1229.95,1555.75,1573,0.79,1556.1775,1573.4275,705.97
1978,"March","West",112.8,230.5,664.9,674.5,1.02,665.23,674.83,562.03
1978,"April","West",330.1,696.2,2915.5,2917.1,2.53,2915.68,2917.28,2728.48
1978,"May","West",988.1,2663,2663,2725.9,9.45,2665.5,2728.4,1740.3
1978,"June","West",7071.3,14023.85,14165.8,14208.3,9.285,14168.37,14210.87,5324.9
1978,"July","West",5412.45,19514.3,19572.4,19610,22.015,19584.765,19622.365,13288.39
1978,"August","West",2002.7,5354.45,5389.75,5444.05,11.845,5406.57,5460.87,3264.52
1978,"September","West",4325.95,11305.8,11338.9,11355.75,5.525,11353.28,11370.13,5795.3
1978,"October","West",7604.75,15979.05,15979.05,15996.2,7.015,15983.505,16000.655,7997.88
1978,"November","West",6598.4,13335.1,13335.1,13351.4,4.15,13335.26,13351.56,3776.49
1978,"December","West",5040.5,10121.3,10188.15,10200.6,3.62625,10944.69875,10961.79875,3227.02875
1979,"January","West",3482.6,6907.5,7041.2,7049.8,3.1025,8554.1375,8572.0375,2677.5675
1979,"February","West",1924.7,3693.7,3894.25,3899,2.57875,6163.57625,6182.27625,2128.10625
1979,"March","West",366.8,479.9,747.3,748.2,2.055,3773.015,3792.515,1578.645
1979,"April","West",1905,4743.8,4853,4862,5.39,4856.38,4865.38,3515.9
1979,"May","West",2882,14596.45,14596.45,14627,11.4,14607.85,14638.4,11410.695
1979,"June","West",2812.2,21993.55,22001.45,22002.9,9.615,22032.005,22033.455,19274.85
1979,"July","West",2025.9,12711.4,12734,12884.7,7.3,12296.165,12379.315,10571.23
1979,"August","West",1812.4,4299.4,4299.4,4324.1,3.345,4299.42,4324.12,3208.11
1979,"September","West",2549.2,7867,7867,7907.1,1.42,7888.21,7928.31,4337.64
1979,"October","West",3292.6,6815.3,6824.25,6875.25,2.96,6830.585,6881.585,4630.88
1979,"November","West",5019.3,7876.6,7876.6,7953.8,4.465,7876.62,7953.82,3038.98
1979,"December","West",3904.7375,6190.75,6675.275,6737.275,3.43625,6675.3225,6737.3225,2889.4425
1980,"January","West",2790.175,4504.9,5473.95,5520.75,2.4075,5474.025,5520.825,2739.905
1980,"February","West",1675.6125,2819.05,4272.625,4304.225,1.37875,4272.7275,4304.3275,2590.3675
1980,"March","West",561.05,1133.2,3071.3,3087.7,0.35,3071.43,3087.83,2440.83
1980,"April","West",2100.2,12639.9,13814.2,13979.1,8.49,13818.63,13983.44,10893.29
1980,"May","West",1938.15,6665.5,8575.25,8644.7,19.255,8637.545,8703.71,5754.76
1980,"June","West",4814.7,16130.3,16622.25,16662.55,17,16643.785,16684.085,11704.945
1980,"July","West",5272.45,18658,18658,18721.5,10.01,18671.505,18735.005,11149.055
1980,"August","West",8325.65,14454.35,14466.15,14503.7,11.06,14858.1,14933.2,8845.73
1980,"September","West",6242.45,12905.25,12905.25,13056.25,13.3,12920.05,13067.8,5779.52
1980,"October","West",4510.8,12977.4,12977.4,12998.2,11.25,12986.16,13006.96,7151.95
1980,"November","West",6859.7,11671.6,11671.6,11740.5,7.23,11679.15,11748.05,4624.15
1980,"December","West",5528.7125,9766.7625,9768.1,9825.375,6.1275,9774.24875,9831.52375,4104.66125
1981,"January","West",4197.725,7861.925,7864.6,7910.25,5.025,7869.3475,7914.9975,3585.1725
1981,"February","West",2866.7375,5957.0875,5961.1,5995.125,3.9225,5964.44625,5998.47125,3065.68375
1981,"March","West",1535.75,4052.25,4057.6,4080,2.82,4059.545,4081.945,2546.195
1981,"April","West",6188.1,12930.1,12930.1,12985.2,4.71,14309.055,14399.155,8037.66
1981,"May","West",13481.8,16122.3,16122.3,16128.3,30.69,16152.99,16158.99,6357.1
1981,"June","West",1999.9,5422.5,5422.5,5567.1,23.56,5428.67,5568.47,3867.37
1981,"July","West",2238.1,5120.2,5120.2,5179.8,4.92,4114.43,4145.73,2444.5
1981,"August","West",3253.55,4319.8,4319.8,4376.95,1.285,4321.205,4378.355,1401.92
1981,"September","West",4012.35,6486.7,6486.7,6550.25,1.36,6383.9,6428.7,1571.47
1981,"October","West",9816.3,12384.8,12384.8,12597.1,0.56,12387.775,12600.075,961.205
1981,"November","West",3035.8,6358.7,6358.7,6378.4,1.99,6361.66,6381.36,3345.56
1981,"December","West",2288.725,4799.775,4825.775,4840.825,1.6,4828.0775,4843.1275,2555.09
1982,"January","West",1541.65,3240.85,3292.85,3303.25,1.21,3294.495,3304.895,1764.62
1982,"February","West",794.575,1681.925,1759.925,1765.675,0.82,1760.9125,1766.6625,974.15
1982,"March","West",47.5,123,227,228.1,0.43,227.33,228.43,183.68
1982,"April","West",94.85,250.75,957.45,960.9,0.325,957.58,961.045,855.62
1982,"May","West",761,2177.05,2787.75,2808.35,3.98,2797.455,2811.055,2238.275
1982,"June","West",2876.2,7340.85,7419.45,7454.65,16.88,7481.665,7520.815,4709.535
1982,"July","West",2542.35,12506.9,12563.6,12664.9,53.615,12659.91,12750.415,7898.7
1982,"August","West",2468.65,11041,11041,11044.8,17.81,11057.835,11061.635,7444.195
1982,"September","West",2047.75,10020.35,10974.25,10978.35,12.68,10990.72,10994.82,8654.395
1982,"October","West",3539.95,11066.7,11331.1,11593.9,6.16,11333.195,11595.995,4861.59
1982,"November","West",1201.1,4180.8,4221.6,4255.3,1.275,3455.57,3474.72,1865.22
1982,"December","West",910.675,3175.6,3324.35,3349.875,0.96875,2749.83,2764.4425,1553.905
1983,"January","West",620.25,2170.4,2427.1,2444.45,0.6625,2044.09,2054.165,1242.59
1983,"February","West",329.825,1165.2,1529.85,1539.025,0.35625,1338.35,1343.8875,931.275
1983,"March","West",39.4,160,632.6,633.6,0.05,632.61,633.61,619.96
1983,"April","West",171.7,560.9,935.65,936.65,1.545,936.605,937.605,784.625
1983,"May","West",192.65,1034.4,1981.65,1983.35,2.07,1982.345,1984.045,1414.015
1983,"June","West",245.75,912.7,1422.6,1424.7,4.805,1424.39,1426.49,1072.71
1983,"July","West",504.75,2161.65,2295.7,2309.15,3.68,2301.33,2314.78,1714.03
1983,"August","West",3757,9752.3,16413.7,16473.05,1.66,17821.43,17862.93,13030.86
1983,"September","West",2361.8,13191.6,15529.7,15532.9,0.89,15530.04,15533.24,12704.41
1983,"October","West",2386.35,9829.65,10410.95,10427.4,0.735,10412.065,10428.515,8875.515
1983,"November","West",2442.5,8502.4,8647,8648.9,0.34,8648.69,8650.59,4237.5
1983,"December","West",2060.2375,6873.7375,6987.45,6991.85,1.02875,6990.70625,6995.10625,3358.865
1984,"January","West",1677.975,5245.075,5327.9,5334.8,1.7175,5332.7225,5339.6225,2480.23
1984,"February","West",1295.7125,3616.4125,3668.35,3677.75,2.40625,3674.73875,3684.13875,1601.595
1984,"March","West",913.45,1987.75,2008.8,2020.7,3.095,2016.755,2028.655,722.96
1984,"April","West",982.55,2700.25,2746.8,2787.4,10.085,2779.735,2820.335,1438.985
1984,"May","West",1920.95,6036.7,6036.7,6059.7,32.08,6066.28,6089.28,3410.04
1984,"June","West",3221.95,10910.75,10972.7,11013.45,12.355,10993.755,11034.505,8182.76
1984,"July","West",7541.65,17927.95,17927.95,17944.95,15.335,17946.225,17963.225,9578.365
1984,"August","West",4370,14872.5,15438.45,15571.6,2.955,15439.89,15573.04,10162.645
1984,"September","West",6925.5,17511.6,17708.3,17968.7,1.76,17712.61,17973.01,12310.91
1984,"October","West",2151.1,10931.35,12828.95,12998.95,1.12,12830.035,13000.035,10877.785
1984,"November","West",1258.55,7092.95,7579.65,7845.35,1.9,7581.09,7846.79,5878.54
1984,"December","West",1163.875,5698.7,6081.8,6290.3125,1.75375,6083.48875,6292.00125,4635.67625
1985,"January","West",1069.2,4304.45,4583.95,4735.275,1.6075,4585.8875,4737.2125,3392.8125
1985,"February","West",974.525,2910.2,3086.1,3180.2375,1.46125,3088.28625,3182.42375,2149.94875
1985,"March","West",879.85,1515.95,1588.25,1625.2,1.315,1590.685,1627.635,907.085
1985,"April","West",855.2,1645.1,1848.9,1887.4,7.66,1849.88,1888.38,847.58
1985,"May","West",1835.4,4423.1,4459.1,4568.4,26.17,4482.03,4591.33,2166.97
1985,"June","West",4008.75,8087.9,8093.75,8102.55,53.84,8108.17,8116.97,4064.65
1985,"July","West",3249.8,10293.3,10293.3,10488.5,9.235,10347.435,10542.635,4524.405
1985,"August","West",1875.3,6193.35,6456.6,6751.15,4.355,6462.21,6756.76,3498.29
1985,"September","West",3023.85,6014.85,6018,6084.8,1.855,6019.8,6086.6,2456.92
1985,"October","West",4354.9,5819.1,5819.1,5928.7,0.43,5819.19,5928.79,1238.48
1985,"November","West",4065.7,4664.9,4664.9,4673.1,0.105,4312.045,4331.895,1367.105
1985,"December","West",3058.85,3580.55,3739.9875,3746.4875,0.07875,3475.34625,3490.58375,1257.41625
1986,"January","West",2052,2496.2,2815.075,2819.875,0.0525,2638.6475,2649.2725,1147.7275
1986,"February","West",1045.15,1411.85,1890.1625,1893.2625,0.02625,1801.94875,1807.96125,1038.03875
1986,"March","West",38.3,327.5,965.25,966.65,0,965.25,966.65,928.35
1986,"April","West",482.9,2419.7,3649.1,3651.2,3.785,3652.525,3654.625,3098.735
1986,"May","West",3621.75,8448.45,8481.85,8524.4,24.225,8688.275,8730.825,4276.455
1986,"June","West",4327.2,13765.9,13810.95,13837.7,65.96,13876.9,13919.6,10998.705
1986,"July","West",3074.45,7802.35,7802.35,7858.5,13.31,7827.865,7884.015,5045.915
1986,"August","West",2627.05,9130.8,9130.8,9178.3,17.315,9152.87,9200.37,5751.255
1986,"September","West",896.65,3049.35,3064.35,3074.75,4.855,3066.715,3077.115,2301.565
1986,"October","West",2537.2,6080.65,6086.65,6107.45,2.365,6090.865,6111.665,3433.875
1986,"November","West",2588.1,7573.5,7682.4,7684.2,1.36,7682.95,7684.75,3388.42
1986,"December","West",2528.775,6600.35,6683.5,6703.475,1.61,6684.745,6704.72,2875.8725
1987,"January","West",2469.45,5627.2,5684.6,5722.75,1.86,5686.54,5724.69,2363.325
1987,"February","West",2410.125,4654.05,4685.7,4742.025,2.11,4688.335,4744.66,1850.7775
1987,"March","West",2350.8,3680.9,3686.8,3761.3,2.36,3690.13,3764.63,1338.23
1987,"April","West",2851.9,5025.7,5032.3,5068.8,8.445,5041.14,5077.64,2468.64
1987,"May","West",6637.3,11968.4,11968.4,11973.2,13.995,12069.11,12073.91,3679.44
1987,"June","West",2348.75,5524.25,5524.25,5612.7,3.645,5525.255,5613.705,2005.59
1987,"July","West",921.2,1730.7,1730.7,1734.3,1.42,1732.58,1736.18,948.38
1987,"August","West",863.8,2959.2,2959.2,2976.15,1.305,2965.075,2982.025,1669.7
1987,"September","West",369.1,810.6,810.6,814.6,0.845,813.695,817.695,361.365
1987,"October","West",555,724.1,724.1,725,0.43,724.1,725,302.66
1987,"November","West",462.7,547.5,547.5,548.2,0.14,547.5,548.2,225.43
1987,"December","West",484.325,574.0875,574.0875,576.975,1.57125,575.43625,578.32375,198.94625
1988,"January","West",505.95,600.675,600.675,605.75,3.0025,603.3725,608.4475,172.4625
1988,"February","West",527.575,627.2625,627.2625,634.525,4.43375,631.30875,638.57125,145.97875
1988,"March","West",549.2,653.85,653.85,663.3,5.865,659.245,668.695,119.495
1988,"April","West",150.55,216.85,230.95,238.3,6.505,240.62,247.97,88.335
1988,"May","West",223.3,380.65,388.55,417.6,5.08,394.75,423.8,200.5
1988,"June","West",346.6,1003.2,1006.05,1018.8,4.62,1012,1024.75,344.82
1988,"July","West",311.05,832.275,833.7,855.075,2.725,836.915,858.29,377.475
1988,"August","West",275.5,661.35,661.35,691.35,0.83,661.83,691.83,410.13
1988,"September","West",353.3,711.2,711.2,771,0.51,712.01,771.81,418.51
1988,"October","West",546.4,2716.6,2716.6,2717.8,0.04,2716.6,2717.8,1079.4
1988,"November","West",695.6,935.5,935.5,937.5,0.05,935.5,937.5,665.9
1988,"December","West",644.875,854.45,870.4,881.8,0.165,870.615,881.9275,592.325
1989,"January","West",594.15,773.4,805.3,826.1,0.28,805.73,826.355,518.75
1989,"February","West",543.425,692.35,740.2,770.4,0.395,740.845,770.7825,445.175
1989,"March","West",492.7,611.3,675.1,714.7,0.51,675.96,715.21,371.6
1989,"April","West",850.1,1687.2,1738.4,1747,2.75,1741.34,1749.94,863.43
1989,"May","West",463,881.6,881.6,887.2,2.94,884.5,890.1,427.1
1989,"June","West",2269.7,8000.6,8022.2,8046.9,9.35,8032.42,8057.12,6489.92
1989,"July","West",3268.4,13263.9,13263.9,13279.9,1.445,13264.43,13280.43,9416.175
1989,"August","West",1662.4,24271.3,24271.3,24271.3,0.4,24276.38,24276.38,17838.9
1989,"September","West",1186.1,12836.5,12836.5,12850.7,0.165,12836.59,12850.79,10356.04
1989,"October","West",1282.55,5924.65,5953.25,6031.25,0.19,5953.555,6031.555,4729.755
1989,"November","West",960.4,2701.6,2701.6,2713.1,0.01,2701.76,2713.26,1572.76
1989,"December","West",752.025,2084.7,2084.7,2098.175,0.055,2084.8675,2098.3425,1202.3475
1990,"January","West",543.65,1467.8,1467.8,1483.25,0.1,1467.975,1483.425,831.935
1990,"February","West",335.275,850.9,850.9,868.325,0.145,851.0825,868.5075,461.5225
1990,"March","West",126.9,234,234,253.4,0.19,234.19,253.59,91.11
1990,"April","West",160.9,88.5,88.5,183.3,0.89,88.95,183.63,79.45
1990,"May","West",217.3,701.5,701.5,729.1,2.42,706.535,734.135,385.975
1990,"June","West",681.8,4489.6,4489.6,4492.5,2.605,4570.2,4603.35,3622.355
1990,"July","West",1104.8,8159.5,8159.5,8214.1,0.71,8161.14,8215.74,4106.71
1990,"August","West",1458.75,3790.05,3790.05,3834,0.19,3792.775,3837.25,2474.29
1990,"September","West",1321.55,12023,12023,12053,0.055,12023.35,12053.35,9215
1990,"October","West",1416.4,6460.55,6464.55,6479.95,0.01,6464.645,6480.045,5047.395
1990,"November","West",1270.2,3925.7,3925.7,3928.9,0.05,3925.75,3928.95,2658.75
1990,"December","West",1063.35,3103.7625,3104.0875,3107.5,0.36375,3104.45125,3107.86375,2044.51375
1991,"January","West",856.5,2281.825,2282.475,2286.1,0.6775,2283.1525,2286.7775,1430.2775
1991,"February","West",649.65,1459.8875,1460.8625,1464.7,0.99125,1461.85375,1465.69125,816.04125
1991,"March","West",442.8,637.95,639.25,643.3,1.305,640.555,644.605,201.805
1991,"April","West",148.95,345.05,345.05,352.35,1.34,358.25,362.95,231.75
1991,"May","West",108.8,241.25,249.55,256.15,2.255,252.655,263.855,158.24
1991,"June","West",465.3,1129.05,1129.05,1135.9,3.555,1172.565,1179.415,455.79
1991,"July","West",761.9,5516.3,5516.3,5517.1,1.6,5517.9,5518.7,5394.1
1991,"August","West",901.5,5911.85,5911.85,5918.25,0.82,5912.43,5918.83,4564.03
1991,"September","West",512.2,2942.75,2942.75,2951.7,0.27,2942.895,2951.845,1980.295
1991,"October","West",425,2673.4,2673.4,2680.35,0.015,2673.4,2680.35,2082.41
1991,"November","West",1060.5,3954.2,3954.2,3955.9,0.01,3954.2,3955.9,3644
1991,"December","West",827.375,3040.3,3044.65,3048.25,0.0575,3044.6525,3048.2525,2782.3275
1992,"January","West",594.25,2126.4,2135.1,2140.6,0.105,2135.105,2140.605,1920.655
1992,"February","West",361.125,1212.5,1225.55,1232.95,0.1525,1225.5575,1232.9575,1058.9825
1992,"March","West",128,298.6,316,325.3,0.2,316.01,325.31,197.31
1992,"April","West",299.3,461.45,462.65,497.05,0.83,463.48,497.315,186.615
1992,"May","West",496.15,3869.3,3889.45,3902.8,1.69,3891.635,3904.985,3277.375
1992,"June","West",846.45,3553.15,3553.15,3579.55,0.995,3553.83,3580.23,2536.805
1992,"July","West",573.95,2885.3,2885.3,2904.5,0.08,3194.42,3201.12,2628.06
1992,"August","West",374.05,1909.8,1909.8,1913.85,0.02,1909.825,1913.875,1632.945
1992,"September","West",637,3430.4,3430.4,3549.2,0.02,3430.43,3549.22,3235.8
1992,"October","West",993.8,2016.7,2016.7,2160.9,0,2016.7,2160.9,937.8
1992,"November","West",373.4,1811.7,1811.7,1906.9,0,1811.7,1906.9,882
1992,"December","West",470.55,1926.45,1950.9,2025.525,0.0075,1950.9775,2025.6025,1129.6075
1993,"January","West",567.7,2041.2,2090.1,2144.15,0.015,2090.255,2144.305,1377.215
1993,"February","West",664.85,2155.95,2229.3,2262.775,0.0225,2229.5325,2263.0075,1624.8225
1993,"March","West",762,2270.7,2368.5,2381.4,0.03,2368.81,2381.71,1872.43
1993,"April","West",819.1,2724.45,3034.15,3051.3,0.075,3034.46,3051.61,2101.855
1993,"May","West",4248.15,18187.4,23475,23672.5,6.435,24289.24,24579.89,15893.69
1993,"June","West",2309,13815.15,13937.95,14012.25,2.58,11865.91,11892.36,9808.8
1993,"July","West",2142.9,6076.8,6076.8,6081.5,0.71,6076.98,6081.68,3786.48
1993,"August","West",1374.8,9329,9329,9337.3,0.175,9330.36,9338.66,7718.795
1993,"September","West",720.2,6658.3,6658.3,6658.3,0.39,6660.42,6660.42,6174.52
1993,"October","West",338.6,3923.75,3923.75,3926.55,0.42,3924.04,3926.84,2538.59
1993,"November","West",369.5,2196.8,2196.8,2198.7,0.02,2196.82,2198.72,1158.25
1993,"December","West",328.6125,1734.075,1740.275,1743.975,0.0175,1740.29,1743.99,914.3
1994,"January","West",287.725,1271.35,1283.75,1289.25,0.015,1283.76,1289.26,670.35
1994,"February","West",246.8375,808.625,827.225,834.525,0.0125,827.23,834.53,426.4
1994,"March","West",205.95,345.9,370.7,379.8,0.01,370.7,379.8,182.45
1994,"April","West",328.8,873.05,892.1,917.4,0.065,893.345,918.645,302.215
1994,"May","West",150.65,647.35,647.35,663.1,0.465,647.795,663.545,494.645
1994,"June","West",311.1,847,847,861.9,3.525,851.82,866.72,430.77
1994,"July","West",317.3,689,689,690.4,3.46,691.545,692.945,375.645
1994,"August","West",726.9,809.7,809.7,810.35,0.89,811.185,811.835,100.825
1994,"September","West",563.95,812.9,812.9,813.55,0.295,813.885,814.535,122.52
1994,"October","West",482.25,610.15,610.15,612.5,0.065,610.265,612.615,138.715
1994,"November","West",426.5,905.35,905.35,906.15,0.005,905.35,906.15,514.885
1994,"December","West",333.075,704.125,802.8875,804,0.00375,802.8875,804,502.42625
1995,"January","West",239.65,502.9,700.425,701.85,0.0025,700.425,701.85,489.9675
1995,"February","West",146.225,301.675,597.9625,599.7,0.00125,597.9625,599.7,477.50875
1995,"March","West",52.8,100.45,495.5,497.55,0,495.5,497.55,465.05
1995,"April","West",367.85,1446.35,2022.05,2026.2,0.005,2022.055,2026.205,1577.66
1995,"May","West",404.45,607.2,1617.7,1623.45,0.02,1617.7,1623.45,1316.25
1995,"June","West",1946.75,3539.5,3815.6,3865.65,0.23,3815.7,3865.75,2408.85
1995,"July","West",7424.5,11675.45,11943.85,11966.55,0.64,11945.98,11968.68,5771.295
1995,"August","West",1590.1,6069.9,6113.9,6120,0.975,6114.455,6120.555,4526.855
1995,"September","West",1488.8,5479.6,5522.5,5592.7,0.58,5522.66,5592.86,1683.26
1995,"October","West",2134.6,6545.2,6606.7,6649.4,0.37,6606.79,6649.49,3676.27
1995,"November","West",833.6,2116.4,2141,2166.9,0.08,2141.05,2166.95,1030.71
1995,"December","West",647.95,1632.725,1689.85,1710.275,0.06,1689.89,1710.315,835.385
1996,"January","West",462.3,1149.05,1238.7,1253.65,0.04,1238.73,1253.68,640.06
1996,"February","West",276.65,665.375,787.55,797.025,0.02,787.57,797.045,444.735
1996,"March","West",91,181.7,336.4,340.4,0,336.41,340.41,249.41
1996,"April","West",701,1847,1945.7,1956.4,0.06,1945.76,1956.46,1231.66
1996,"May","West",3726.3,11910.6,12276.8,12388.1,0.74,12277.23,12388.53,8872.97
1996,"June","West",3736.6,9037.2,9053.9,9151.4,0.79,9056.56,9154.06,5986.96
1996,"July","West",434.4,3653.8,3653.8,3670.3,1.3,3655.75,3672.25,2360.81
1996,"August","West",878.3,3726,3726,3729.5,0.4,3726.43,3729.93,3213.13
1996,"September","West",692,1683.6,1686.6,1690.5,0.08,1686.67,1690.57,1223.3
1996,"October","West",769.2,1491.6,1491.6,1491.6,0.22,1492.01,1492.01,103.51
1996,"November","West",350.6,652,652,662.2,0.11,652.19,662.39,376.09
1996,"December","West",282.575,870.425,870.425,883.025,0.085,870.8125,883.4125,541.6175
1997,"January","West",214.55,1088.85,1088.85,1103.85,0.06,1089.435,1104.435,707.145
1997,"February","West",146.525,1307.275,1307.275,1324.675,0.035,1308.0575,1325.4575,872.6725
1997,"March","West",78.5,1525.7,1525.7,1545.5,0.01,1526.68,1546.48,1038.2
1997,"April","West",350,1094.6,1152.8,1169.5,1.8,1153.41,1170.11,612.21
1997,"May","West",594.3,2665.2,2665.2,2676.4,0.68,2666.37,2677.57,2083.27
1997,"June","West",330.05,6072.25,6072.25,6073.4,2.53,6074.78,6075.93,5547.93
1997,"July","West",662.6,1693.3,1693.3,1694.9,1.39,1694.33,1695.93,1072.97
1997,"August","West",978.7,1882.1,1886.2,1891.6,1.89,1888.35,1893.75,1352.85
1997,"September","West",631.7,1211.6,1211.6,1214.3,0.32,1211.92,1214.62,642.02
1997,"October","West",1163.1,1381,1381,1390.1,0.03,1381.08,1390.18,97.68
1997,"November","West",2118.45,2669.55,2669.55,2678.1,0.03,2669.57,2678.12,369.425
1997,"December","West",1630.7875,2064.5375,2150.3125,2157.45,0.0225,2150.3275,2157.465,383.99375
1998,"January","West",1143.125,1459.525,1631.075,1636.8,0.015,1631.085,1636.81,398.5625
1998,"February","West",655.4625,854.5125,1111.8375,1116.15,0.0075,1111.8425,1116.155,413.13125
1998,"March","West",167.8,249.5,592.6,595.5,0,592.6,595.5,427.7
1998,"April","West",549.3,1478.9,1563.9,1614.3,0.11,1564.14,1614.54,1065.24
1998,"May","West",770.5,2204.8,2625,2653.5,0.03,2625,2653.5,2207.4
1998,"June","West",2257.1,9560.4,11674.3,11719.4,0.33,11674.34,11719.44,8494.68
1998,"July","West",5188.8,11920.4,12087.2,12087.2,0.48,12088.47,12088.47,8706.67
1998,"August","West",5232.7,10763.9,10864.4,10864.4,0.81,10865.21,10865.21,4202.42
1998,"September","West",3398.2,8696,8696,8701.3,2.95,8698.72,8704.02,5480.87
1998,"October","West",2144.6,6196.7,6206.85,6229.9,1.775,6210.37,6233.42,4240.515
1998,"November","West",340.4,2368.9,2374.7,2375.9,1.66,2378.78,2379.98,2221.58
1998,"December","West",274.575,1820.55,1975.7,1977,1.25,1978.76,1980.06,1843.515
1999,"January","West",208.75,1272.2,1576.7,1578.1,0.84,1578.74,1580.14,1465.45
1999,"February","West",142.925,723.85,1177.7,1179.2,0.43,1178.72,1180.22,1087.385
1999,"March","West",77.1,175.5,778.7,780.3,0.02,778.7,780.3,709.32
1999,"April","West",1822.2,5850.7,6105.4,6105.4,1.2,6105.54,6105.54,3041.6
1999,"May","West",2107.1,6948.9,7093.1,7115.5,2.85,7096.67,7119.07,4469.05
1999,"June","West",2752,8029.2,8041.3,8121.5,2.99,8041.97,8122.17,5367.47
1999,"July","West",2708.4,12011.3,12011.3,12011.3,3.4,12011.3,12011.3,9302.9
1999,"August","West",1102,6845.3,6862.2,6878.7,2.59,6865.11,6881.61,4989.58
1999,"September","West",836.5,4003.3,4003.3,4040.7,1.86,4004.92,4042.32,3457.92
1999,"October","West",817.6,924.1,924.1,933.8,1.98,932.49,942.19,317.84
1999,"November","West",445.2,1388.6,1388.6,1390.3,0.2,1388.65,1390.35,564.9
1999,"December","West",339.1,1066.525,1162.6,1164.15,0.15,1162.6375,1164.1875,539.9
2000,"January","West",233,744.45,936.6,938,0.1,936.625,938.025,514.9
2000,"February","West",126.9,422.375,710.6,711.85,0.05,710.6125,711.8625,489.9
2000,"March","West",20.8,100.3,484.6,485.7,0,484.6,485.7,464.9
2000,"April","West",607.45,2234.15,2318.6,2348.65,1.115,2320.63,2349.48,1175.38
2000,"May","West",1067.3,3819.7,3819.7,3826.7,8.09,3823.28,3834.79,2527.38
2000,"June","West",1202.9,6067.5,6070.4,6070.75,3.21,6071.755,6072.105,4802.205
2000,"July","West",253.6,2399.9,2399.9,2411.6,1.52,2411.54,2423.24,2065.04
2000,"August","West",551.9,5870.4,5870.4,5872.9,1.77,5879.86,5882.36,5270.67
2000,"September","West",757,1945.4,1945.4,1958.1,1.28,1946.77,1959.47,1194.07
2000,"October","West",520.4,1339.1,1339.1,1347.7,2.45,1342.31,1350.91,217.79
2000,"November","West",278.3,649.7,649.7,651.5,1.09,649.8,651.6,562.07
2000,"December","West",291.375,693.725,751.4,764.7,0.8325,751.49,764.79,584.2775
2001,"January","West",304.45,737.75,853.1,877.9,0.575,853.18,877.98,606.485
2001,"February","West",317.525,781.775,954.8,991.1,0.3175,954.87,991.17,628.6925
2001,"March","West",330.6,825.8,1056.5,1104.3,0.06,1056.56,1104.36,650.9
2001,"April","West",386.5,614.7,618.2,632.8,0.38,618.58,633.18,242.48
2001,"May","West",701.7,1485.9,1498.8,1501.5,1.59,1499.04,1501.74,800.04
2001,"June","West",362.9,835.7,835.7,838.4,3,842.47,845.17,779.47
2001,"July","West",235.6,489.25,489.25,494.05,1.53,490.465,495.265,142.365
2001,"August","West",416.6,456.1,456.1,459.6,0.93,457.03,460.53,43.93
2001,"September","West",1103,1336.4,1336.4,1338.3,0.45,1337.16,1339.06,59.73
2001,"October","West",923.2,1049.7,1049.7,1050.8,0.32,1050.61,1051.71,16.89
2001,"November","West",197.1,283.5,283.5,283.5,0.22,283.72,283.72,79.79
2001,"December","West",275.475,495.375,495.375,495.875,0.265,495.5925,496.0925,230.245
2002,"January","West",353.85,707.25,707.25,708.25,0.31,707.465,708.465,380.7
2002,"February","West",432.225,919.125,919.125,920.625,0.355,919.3375,920.8375,531.155
2002,"March","West",510.6,1131,1131,1133,0.4,1131.21,1133.21,681.61
2002,"April","West",733.3,1235.4,1278.1,1288.3,1.09,1278.88,1289.08,433.86
2002,"May","West",501.7,1543.7,1561.1,1565.1,2.93,1566.85,1570.85,686.95
2002,"June","West",513.05,1572.7,1577.1,1578.05,2.7,1579.8,1580.75,1134.95
2002,"July","West",293.3,548.3,548.3,556.8,2.15,548.59,557.09,106.85
2002,"August","West",341.6,576.3,576.3,588.7,1.34,577.39,589.79,70.95
2002,"September","West",726.6,937.7,937.7,938.7,1.43,939.87,940.87,57.33
2002,"October","West",621.8,779.6,779.6,780.3,1.36,782.04,782.74,71.05
2002,"November","West",1450.5,1544.1,1544.1,1547.7,0.28,1545.37,1548.97,653.14
2002,"December","West",1241.8,1579.8,1579.8,1584.125,0.2625,1580.805,1585.13,636.9325
2003,"January","West",1033.1,1615.5,1615.5,1620.55,0.245,1616.24,1621.29,620.725
2003,"February","West",824.4,1651.2,1651.2,1656.975,0.2275,1651.675,1657.45,604.5175
2003,"March","West",615.7,1686.9,1686.9,1693.4,0.21,1687.11,1693.61,588.31
2003,"April","West",528.8,1743.45,1751.4,1756.7,0.795,1752.465,1757.765,1017.065
2003,"May","West",762.8,3872.4,4392.5,4402.8,0.23,4392.62,4402.92,3632.12
2003,"June","West",1529.2,10321.6,10321.6,10333.8,2.67,10323.9,10336.1,7653.4
2003,"July","West",1145.6,5052.2,5063.5,5064.6,0.325,5063.98,5065.08,3006.98
2003,"August","West",339.05,2772.2,2775.8,2777.45,1.28,2779.585,2781.235,2402.585
2003,"September","West",920.7,1870,1870,1880.2,1.39,1870.06,1880.26,428.36
2003,"October","West",2279.4,2426.8,2426.8,2432.2,0.09,2427.56,2432.96,57.19
2003,"November","West",581.2,770,770,771.5,0.06,770.06,771.56,287.7
2003,"December","West",540.45,1023.35,1035.275,1045.525,0.045,1035.385,1045.635,552.99
2004,"January","West",499.7,1276.7,1300.55,1319.55,0.03,1300.71,1319.71,818.28
2004,"February","West",458.95,1530.05,1565.825,1593.575,0.015,1566.035,1593.785,1083.57
2004,"March","West",418.2,1783.4,1831.1,1867.6,0,1831.36,1867.86,1348.86
2004,"April","West",575.3,1082.5,1195.8,1206.6,0.16,1195.8,1206.6,767.44
2004,"May","West",733.5,7021.9,7025.7,7030.3,5.4,7033.26,7037.86,6536.14
2004,"June","West",315.6,865.9,871.6,879.4,1.43,871.73,879.53,563.93
2004,"July","West",213.7,905.5,906.4,915.9,1.02,907.29,916.79,150.15
2004,"August","West",398.3,500.5,500.5,502.3,0.68,500.5,502.3,117.18
2004,"September","West",623.8,735.5,747.9,749.8,0.25,747.92,749.82,73.33
2004,"October","West",749,1156.1,1156.1,1157.5,0.17,1156.27,1157.67,128.06
2004,"November","West",430.1,504.6,515.8,516.7,0.25,515.8,516.7,86.6
2004,"December","West",398.325,589.8,604.325,605.175,0.2025,604.4075,605.2575,188.4
2005,"January","West",366.55,675,692.85,693.65,0.155,693.015,693.815,290.2
2005,"February","West",334.775,760.2,781.375,782.125,0.1075,781.6225,782.3725,392
2005,"March","West",303,845.4,869.9,870.6,0.06,870.23,870.93,493.8
2005,"April","West",508.5,2600,2607.4,2609.3,0.4,2607.8,2609.7,2066.51
2005,"May","West",986,4057.6,4323.4,4332.4,0.68,4323.4,4332.4,3250.58
2005,"June","West",2387.7,8474,8486.5,8498.4,0.14,8487.83,8499.73,4931.82
2005,"July","West",1035.6,5762.5,5793.5,5797,1.66,5798.35,5801.85,4419.45
2005,"August","West",652.7,1057.8,1057.8,1058.3,1.29,936.61,937.01,304.475
2005,"September","West",673,1033.6,1033.6,1034.3,0.58,1033.78,1034.48,310.62
2005,"October","West",721.9,977.8,983.4,984.9,0.055,983.455,984.955,78.505
2005,"November","West",226.2,351.8,353,353.6,0.01,353.03,353.63,224.11
2005,"December","West",197.9625,315.6,377.0875,377.9625,0.0075,377.11,377.985,258.6075
2006,"January","West",169.725,279.4,401.175,402.325,0.005,401.19,402.34,293.105
2006,"February","West",141.4875,243.2,425.2625,426.6875,0.0025,425.27,426.695,327.6025
2006,"March","West",113.25,207,449.35,451.05,0,449.35,451.05,362.1
2006,"April","West",111.3,204.7,973,974.5,0,973,974.5,837.6
2006,"May","West",817.5,1502.8,2173.8,2198.2,0.09,2173.89,2198.29,1450.3
2006,"June","West",5970.8,14869,14888.9,14911.1,1.68,14893.27,14915.47,7742.17
2006,"July","West",1380.1,8581.3,8592.4,8597.55,2.01,8594.41,8599.56,7219.46
2006,"August","West",548.4,1351.6,1358.6,1364.9,1.83,1359.04,1365.34,812.06
2006,"September","West",554.6,1213.2,1214.5,1215.9,0.39,1214.5,1215.9,790.36
2006,"October","West",353.65,861.55,861.55,862.25,0.09,861.575,862.275,66.62
2006,"November","West",548.9,817.9,818.6,818.6,0,818.6,818.6,525.4
2006,"December","West",552.2,826.875,839.075,840.55,0,839.075,840.55,484.2
2007,"January","West",555.5,835.85,859.55,862.5,0,859.55,862.5,443
2007,"February","West",558.8,844.825,880.025,884.45,0,880.025,884.45,401.8
2007,"March","West",562.1,853.8,900.5,906.4,0,900.5,906.4,360.6
2007,"April","West",543.8,909.7,913.6,948.5,0.06,913.66,948.56,422.15
2007,"May","West",671.1,1478.6,1480.1,1487.8,0.23,1480.22,1487.92,796.02
2007,"June","West",1275.3,4752.9,4752.9,4766.3,0.65,4754.35,4767.75,3104.75
2007,"July","West",268.4,497.1,497.1,497.5,0.45,498.35,498.75,135.91
2007,"August","West",401.1,842.4,842.4,843.1,0.025,954.605,956.105,267.945
2007,"September","West",1100,1371.2,1371.2,1372.6,0.06,1371.21,1372.61,62.84
2007,"October","West",388.8,789.5,789.5,789.5,0.02,789.52,789.52,132.76
2007,"November","West",519.7,935.1,935.1,938.2,0.01,935.1,938.2,352.5
2007,"December","West",688.325,1291.6,1296.475,1300,0.1025,1296.57,1300.095,562.27
2008,"January","West",856.95,1648.1,1657.85,1661.8,0.195,1658.04,1661.99,772.04
2008,"February","West",1025.575,2004.6,2019.225,2023.6,0.2875,2019.51,2023.885,981.81
2008,"March","West",1194.2,2361.1,2380.6,2385.4,0.38,2380.98,2385.78,1191.58
2008,"April","West",2172.7,3708.1,3708.1,3721.7,1.28,3709.16,3722.76,1352.96
2008,"May","West",1783.3,4654.9,4654.9,4677.7,4.08,4658.98,4681.78,2573.41
2008,"June","West",944.5,3928.5,3966.1,3968.4,3.42,3972.06,3974.36,3305.42
2008,"July","West",296.6,1775.8,1777.1,1777.6,0.72,1777.82,1778.32,104.08
2008,"August","West",820,1639,1639,1658.8,0.11,1639.03,1658.83,59.77
2008,"September","West",1288.1,1340.2,1410.5,1411.4,0,1410.5,1411.4,70.84
2008,"October","West",792.7,1214,1214,1214.4,0.01,1214.08,1214.48,52.41
2008,"November","West",535.5,919.1,919.9,922.1,0,919.9,922.1,63.3
2008,"December","West",908.25,1323.475,1341.475,1344.625,0.0125,1341.475,1344.625,247.7
2009,"January","West",1281,1727.85,1763.05,1767.15,0.025,1763.05,1767.15,432.1
2009,"February","West",1653.75,2132.225,2184.625,2189.675,0.0375,2184.625,2189.675,616.5
2009,"March","West",2026.5,2536.6,2606.2,2612.2,0.05,2606.2,2612.2,800.9
2009,"April","West",821.2,1690.8,1866.1,1872.5,0.07,1866.1,1872.5,1164.5
2009,"May","West",1112.8,2673.3,2673.3,2676.9,0.08,2673.48,2677.08,1970.98
2009,"June","West",1012.3,1582.6,1582.6,1585.2,0.52,1583.16,1585.76,1006.48
2009,"July","West",665.9,1073.5,1087.2,1087.3,0.74,1087.24,1087.34,190.98
2009,"August","West",1339.5,1680.1,1683.1,1684.4,0,1683.1,1684.4,111.87
2009,"September","West",1035.8,1352.2,1352.2,1352.7,0,1352.21,1352.71,41
2009,"October","West",1187.1,1430.4,1430.4,1430.7,0.08,1430.47,1430.77,60.59
2009,"November","West",587.6,1375.1,1375.1,1376,0.05,1375.13,1376.03,195.83
2009,"December","West",529.425,1229.75,1257.45,1258.375,0.0375,1257.4725,1258.3975,273.4725
2010,"January","West",471.25,1084.4,1139.8,1140.75,0.025,1139.815,1140.765,351.115
2010,"February","West",413.075,939.05,1022.15,1023.125,0.0125,1022.1575,1023.1325,428.7575
2010,"March","West",354.9,793.7,904.5,905.5,0,904.5,905.5,506.4
2010,"April","West",1034.5,1692.1,1701.1,1704.4,0.04,1701.1,1704.4,645.72
2010,"May","West",2221.8,8506.4,8794.7,8846.3,0.35,8794.71,8846.31,5940.65
2010,"June","West",1737.3,9287.6,9651.5,9682.4,8.77,9662.16,9693.06,8039.26
2010,"July","West",858.8,2278.2,2288.1,2299.3,5.16,2302.45,2313.65,1583.47
2010,"August","West",770.6,2580.9,2580.9,2584.2,0.82,2581.26,2584.56,2133.93
2010,"September","West",941.5,1485.6,1489.9,1495.1,0.08,1490.18,1495.38,156.31
2010,"October","West",554.1,960.5,961.7,962.9,0.04,961.74,962.94,36.31
2010,"November","West",489.6,788.6,788.6,791,0,788.6,791,56.9
2010,"December","West",498.875,770.475,785.4,790.075,0,785.4,790.075,154.85
2011,"January","West",508.15,752.35,782.2,789.15,0,782.2,789.15,252.8
2011,"February","West",517.425,734.225,779,788.225,0,779,788.225,350.75
2011,"March","West",526.7,716.1,775.8,787.3,0,775.8,787.3,448.7
2011,"April","West",327.8,631.5,2119.6,2133,0,2119.62,2133.02,1756.82
2011,"May","West",1361.7,5856,6380.2,6414.5,0,6380.2,6414.5,5052.8
2011,"June","West",3028.1,9640,9767.6,9801,0,9767.6,9801,6772.9
2011,"July","West",4027.4,20922,20971.7,21022.5,0.24,20972.03,21022.83,14516.33
2011,"August","West",1128.8,2628.5,2632.3,2637.5,0.12,2632.34,2637.54,1439.14
2011,"September","West",1414.25,3957.25,3957.25,3961,0.39,3958.085,3961.835,1359.715
2011,"October","West",943.3,1846.7,1875.9,1919.3,0.04,1875.9,1919.48,511.7
2011,"November","West",317.3,1031.5,1031.5,1038.5,0.06,1031.56,1038.56,732.97
2011,"December","West",307.925,887.225,887.625,894.325,0.075,887.6825,894.3825,633.5775
2012,"January","West",298.55,742.95,743.75,750.15,0.09,743.805,750.205,534.185
2012,"February","West",289.175,598.675,599.875,605.975,0.105,599.9275,606.0275,434.7925
2012,"March","West",279.8,454.4,456,461.8,0.12,456.05,461.85,335.4
2012,"April","West",473.3,852,922,928.8,0.07,922.07,928.87,494.6
2012,"May","West",3115.1,11106.9,11301.5,11342.9,1.18,11301.51,11342.91,8623.21
2012,"June","West",760.65,4367.3,4370.7,4378.5,5.21,4373.325,4381.125,2102.585
2012,"July","West",845.4,2147.2,2147.2,2152.2,1.36,2147.67,2152.67,548.62
2012,"August","West",998,4162.6,4171.7,4173.1,0.28,4172.11,4173.51,253.04
2012,"September","West",1376.6,1773.5,1773.5,1773.5,0.01,1773.9,1773.9,37
2012,"October","West",1824.6,2565.3,2565.3,2565.5,0.01,2565.3,2565.5,31.21
2012,"November","West",674.9,1441.4,1441.4,1441.4,0.03,1441.42,1441.42,485.43
2012,"December","West",909.725,1649.825,1690.775,1694.925,0.04,1690.79,1694.9575,538.09
2013,"January","West",1144.55,1858.25,1940.15,1948.45,0.05,1940.16,1948.495,590.75
2013,"February","West",1379.375,2066.675,2189.525,2201.975,0.06,2189.53,2202.0325,643.41
2013,"March","West",1614.2,2275.1,2438.9,2455.5,0.07,2438.9,2455.57,696.07
2013,"April","West",631.6,1094.7,1094.7,1101.4,4.95,1100.56,1107.26,578.42
2013,"May","West",495.5,1966.7,1966.7,1968.5,2.47,1971.2,1973,1239.27
2013,"June","West",347.5,1879.8,1879.8,1881.3,2.64,1885.19,1886.69,892.59
2013,"July","West",235,913.9,917.5,917.9,0.08,917.58,917.98,102.02
2013,"August","West",801.9,1112.5,1112.5,1113.9,0.07,1112.5,1113.9,32.28
2013,"September","West",892.8,1311.7,1311.7,1312.2,0.06,1311.7,1312.2,21.76
2013,"October","West",1489.5,1534.8,1534.8,1535.2,0.05,1534.88,1535.28,45.78
2013,"November","West",639.1,1509.7,1510.4,1510.7,0.05,1510.4,1510.7,108.96
2013,"December","West",565.65,1383.95,1392.225,1392.825,0.065,1392.225,1392.825,273.9
2014,"January","West",492.2,1258.2,1274.05,1274.95,0.08,1274.05,1274.95,438.84
2014,"February","West",418.75,1132.45,1155.875,1157.075,0.095,1155.875,1157.075,603.78
2014,"March","West",345.3,1006.7,1037.7,1039.2,0.11,1037.7,1039.2,768.72
2014,"April","West",715.9,1210.5,1210.5,1219.3,0.23,1211.21,1220.01,568.51
2014,"May","West",685.3,1596.7,1596.7,1598.4,2.56,1596.71,1598.41,815.43
2014,"June","West",979.8,1305.6,1305.6,1306.3,0.16,1305.69,1306.39,311.22
2014,"July","West",1332.3,1345.9,1345.9,1346.8,0.16,1346.95,1347.85,70.89
2014,"August","West",748.2,852.4,852.4,852.8,0.69,858.34,858.74,39.97
2014,"September","West",502.6,602.6,602.6,602.8,0.16,570.33,572.28,97.32
2014,"October","West",1980.4,2758.3,2758.3,2760.7,0.03,2758.38,2760.78,43.7
2014,"November","West",520.3,1129.1,1129.1,1129.5,0.03,1129.18,1129.58,239.8
2014,"December","West",607.35,1081.675,1081.675,1082.225,0.305,1081.8375,1082.3875,217.605
2015,"January","West",694.4,1034.25,1034.25,1034.95,0.58,1034.495,1035.195,195.41
2015,"February","West",781.45,986.825,986.825,987.675,0.855,987.1525,988.0025,173.215
2015,"March","West",868.5,939.4,939.4,940.4,1.13,939.81,940.81,151.02
2015,"April","West",521.8,1823.1,1823.1,1826.3,2.38,1826.91,1830.11,233.28
2015,"May","West",414.4,2080.2,2080.2,2081,5.04,2082.8,2083.2,1674.26
2015,"June","West",1116.6,3154.8,3154.8,3155,0.31,3155.74,3155.94,143.03
2015,"July","West",559,857.9,857.9,858.5,0.28,858.49,859.09,33.23
2015,"August","West",908,932.85,932.85,935.3,0.945,933.625,936.075,28.075
2015,"September","West",979.3,1150.3,1150.3,1157,0.03,1150.53,1157.23,76
2015,"October","West",992.8,1193,1193,1193.2,0.03,1193.02,1193.22,55.02
2015,"November","West",1172.9,1536.6,1542.6,1543.2,0.1,1542.7,1543.3,80.38
2015,"December","West",1075.75,1427.275,1432.4,1433.525,0.165,1432.565,1433.69,198.2625
2016,"January","West",978.6,1317.95,1322.2,1323.85,0.23,1322.43,1324.08,316.145
2016,"February","West",881.45,1208.625,1212,1214.175,0.295,1212.295,1214.47,434.0275
2016,"March","West",784.3,1099.3,1101.8,1104.5,0.36,1102.16,1104.86,551.91
2016,"April","West",2697.9,5020.4,5544.9,5564.7,6.48,5544.91,5564.71,3302.61
2016,"May","West",1685.2,3022,3152.9,3580.5,14.79,3190.41,3618.01,2547.39
2016,"June","West",287.4,2038.7,2069.4,2070.5,9.45,2078.85,2079.95,1492.05
2016,"July","West",637.2,1015.6,1016.9,1027.2,2.49,1017.12,1027.42,166.4
2016,"August","West",591.3,650.5,654.9,657.1,2.53,691.46,693.66,42.7
2016,"September","West",2177,2545.1,2547.4,2549.9,0.77,2547.44,2549.94,65
2016,"October","West",500.7,670.4,670.4,671.8,1.03,672.77,674.17,231.63
2016,"November","West",547,865.2,867.6,869.7,0.14,867.93,870.03,198.53
2016,"December","West",465.2,800.5,901.275,904.025,0.105,901.5225,904.2725,345.6975
2017,"January","West",383.4,735.8,934.95,938.35,0.07,935.115,938.515,492.865
2017,"February","West",301.6,671.1,968.625,972.675,0.035,968.7075,972.7575,640.0325
2017,"March","West",219.8,606.4,1002.3,1007,0,1002.3,1007,787.2
2017,"April","West",85.4,527.5,1167.9,1171.3,0.01,1167.9,1171.3,1062.61
2017,"May","West",4511.8,6941.9,12275,12543.6,0.01,12275.1,12543.7,8392.6
2017,"June","West",31492.3,50985.1,51183.1,51309.5,0.95,51185.2,51311.6,19819.3
2017,"July","West",12527.9,15858.3,16465.4,19149.1,24.76,16490.16,19173.86,7745.44
2017,"August","West",507.1,1145.4,1145.4,1145.8,4.43,1160.67,1161.07,773.43
2017,"September","West",506,808,808,808.4,0.66,857.78,858.18,516.98
2017,"October","West",1281.9,1535.9,1535.9,1537.3,1.49,1536.26,1537.66,702.01
2017,"November","West",1424.4,2109.1,2109.1,2110.9,1.01,2109.1,2110.9,686.5
2017,"December","West",1146.625,1694.875,1703.925,1706.875,0.7925,1703.96,1706.91,563.01
2018,"January","West",868.85,1280.65,1298.75,1302.85,0.575,1298.82,1302.92,439.52
2018,"February","West",591.075,866.425,893.575,898.825,0.3575,893.68,898.93,316.03
2018,"March","West",313.3,452.2,488.4,494.8,0.14,488.54,494.94,192.54
2018,"April","West",599.5,1224.5,1965,1967.9,0,1965,1967.9,1424.5
2018,"May","West",4401.6,12681.2,12696.6,12739.9,0.72,12698.94,12742.24,7607
2018,"June","West",1061.1,5116.4,5116.4,5121.4,2.685,8144.08,8149.13,6158.03
2018,"July","West",713.3,1361.6,1378.8,1379.5,4.13,1380.47,1381.17,576.03
2018,"August","West",661,914.1,916,919.3,2.05,918.05,921.35,339.56
2018,"September","West",661.5,1042.5,1042.5,1046.2,0.34,1052.78,1056.48,138.04
2018,"October","West",783.4,1496.1,1500,1501.2,0.18,1500.53,1501.73,76.68
2018,"November","West",1180.1,1317.4,1317.4,1317.4,0.01,1317.41,1317.41,461.63
2018,"December","West",907.575,1028.65,1149.95,1150.275,0.0075,1149.9575,1150.2825,485.9475
2019,"January","West",635.05,739.9,982.5,983.15,0.005,982.505,983.155,510.265
2019,"February","West",362.525,451.15,815.05,816.025,0.0025,815.0525,816.0275,534.5825
2019,"March","West",90,162.4,647.6,648.9,0,647.6,648.9,558.9
2019,"April","West",717.3,1036.7,1880.2,1882.4,0,1880.2,1882.4,1362.56
2019,"May","West",5001.1,12112.4,12122.7,12131.8,0.01,12125.22,12134.32,5280.6
2019,"June","West",9742.5,14519.8,14798.9,14969.9,0.01,14799.2,14970.2,5299.31
2019,"July","West",1034.2,9434.4,9434.4,9447.4,4.1,9442.58,9455.58,8421.38
2019,"August","West",768.8,1728.2,1728.2,1729.2,0.48,1728.21,1729.21,324
2019,"September","West",203.6,491,491,491,1.48,493.34,493.34,353.92
2019,"October","West",274.05,522.65,530.05,532.5,0.305,531.42,533.87,224.625
2019,"November","West",273.6,944,954.3,1002,0.14,955.08,1002.78,623.97
2019,"December","West",NA,NA,NA,NA,NA,NA,NA,NA
1974,"January","North",NA,NA,NA,NA,NA,NA,NA,NA
1974,"February","North",NA,NA,NA,NA,NA,NA,NA,NA
1974,"March","North",18.4,239,466.4,474.6,0.03,466.43,474.63,456.23
1974,"April","North",66.9,264.3,661,664.35,0.03,661.03,664.38,597.48
1974,"May","North",394.75,2021.6,4702.35,4735.55,27.355,4729.705,4762.905,4368.155
1974,"June","North",152.5,341.7,364.65,369.2,34.93,399.58,404.13,251.63
1974,"July","North",423.3,2942.7,3029.75,3030.2,10.995,3040.745,3041.195,2617.895
1974,"August","North",188.55,453.65,646.65,667.1,11.58,658.23,678.68,490.13
1974,"September","North",128.8,152.15,600.5,620.05,48.45,872.05,905.05,751.15
1974,"October","North",154.85,348.3,698.15,712.2,6.82,704.97,719.02,564.17
1974,"November","North",39.8,81.5,207.2,207.9,0.44,207.64,208.34,168.54
1974,"December","North",39.925,80.85,219.2,220.5,0.33,219.53,220.83,180.905
1975,"January","North",40.05,80.2,231.2,233.1,0.22,231.42,233.32,193.27
1975,"February","North",40.175,79.55,243.2,245.7,0.11,243.31,245.81,205.635
1975,"March","North",40.3,78.9,255.2,258.3,0,255.2,258.3,218
1975,"April","North",86.95,178.35,659.9,661.95,0.63,660.53,662.58,575.63
1975,"May","North",190.55,1093.55,2845.05,2858.5,4.945,2849.995,2863.445,2672.895
1975,"June","North",51.15,206.55,478.5,478.75,4.955,483.455,483.705,432.555
1975,"July","North",233.9,519.5,549.8,550.4,20.46,563,563.6,329.7
1975,"August","North",1081.05,2505.1,2639.95,2643.1,8.24,2648.19,2651.34,1570.29
1975,"September","North",413.7,1008.55,1203.45,1206,9.455,1212.905,1215.455,801.755
1975,"October","North",196,261.05,403.2,413.3,8.245,411.445,421.545,225.545
1975,"November","North",58.3,98.9,266.2,269.6,0.01,266.21,269.61,211.31
1975,"December","North",442.025,776.875,922.625,940.175,7.42,930.045,947.595,505.57
1976,"January","North",825.75,1454.85,1579.05,1610.75,14.83,1593.88,1625.58,799.83
1976,"February","North",1209.475,2132.825,2235.475,2281.325,22.24,2257.715,2303.565,1094.09
1976,"March","North",1593.2,2810.8,2891.9,2951.9,29.65,2921.55,2981.55,1388.35
1976,"April","North",701.6,3485.95,3643.8,3662.85,20.495,3664.295,3683.345,2981.745
1976,"May","North",1495.5,6000.55,6000.55,6072.65,115.705,6116.255,6188.355,4692.855
1976,"June","North",1116.25,5287.15,5287.15,5291.85,42.115,5329.265,5333.965,4217.715
1976,"July","North",7917,22039.25,22039.25,22045.55,7.435,22046.685,22052.985,14135.985
1976,"August","North",6383.25,11015.15,11015.15,11023.3,3.935,11019.085,11027.235,4643.985
1976,"September","North",4430.05,8507.9,8527.15,8537.05,2.42,8529.57,8539.47,4109.42
1976,"October","North",4276.4,6812.6,6888.15,6940,10.995,6899.145,6950.995,2674.595
1976,"November","North",8194.1,14547.5,14590.3,14590.3,3.7,14594,14594,6399.9
1976,"December","North",9598.775,18078.8,18110.9,18208.675,3.6325,18114.5325,18212.3075,8613.5325
1977,"January","North",11003.45,21610.1,21631.5,21827.05,3.565,21635.065,21830.615,10827.165
1977,"February","North",12408.125,25141.4,25152.1,25445.425,3.4975,25155.5975,25448.9225,13040.7975
1977,"March","North",13812.8,28672.7,28672.7,29063.8,3.43,28676.13,29067.23,15254.43
1977,"April","North",4480,8861.15,8861.15,8946.3,7.04,8868.19,8953.34,4473.34
1977,"May","North",5410.65,14079.15,14079.15,14138.95,13.57,14092.72,14152.52,8741.87
1977,"June","North",11260.15,22971.1,22971.1,23185.2,5.5,22976.6,23190.7,11930.55
1977,"July","North",6480.85,24476.4,24523.4,24665.25,8.765,24532.165,24674.015,18193.165
1977,"August","North",7522.65,25945.4,25945.4,26322.6,4.38,25949.78,26326.98,18804.33
1977,"September","North",1787.45,14563.9,14597.2,14643.1,5.065,14602.265,14648.165,12860.715
1977,"October","North",7093.95,15448.7,15463.65,15619.85,5.855,15469.505,15625.705,8531.755
1977,"November","North",5679.48,12369.04,12480.94,12606.04,3.12,12485.78,12610.88,6931.4
1977,"December","North",4265.01,9289.38,9498.23,9592.23,2.51,9502.055,9596.055,5331.045
1978,"January","North",2850.54,6209.72,6515.52,6578.42,1.9,6518.33,6581.23,3730.69
1978,"February","North",1436.07,3130.06,3532.81,3564.61,1.29,3534.605,3566.405,2130.335
1978,"March","North",21.6,50.4,550.1,550.8,0.68,550.88,551.58,529.98
1978,"April","North",164.3,163.5,1349.2,1350,0.43,1349.63,1350.43,1186.13
1978,"May","North",79.75,163.8,735.7,737.05,5.995,741.695,743.045,663.295
1978,"June","North",4225.7,10080,10112,10160,5.115,10118.68,10166.68,5940.98
1978,"July","North",4387.7,10842.05,10911.35,10922.45,9.11,10920.46,10931.56,6543.86
1978,"August","North",2771.65,5180,5201.6,5217.7,20.88,5222.48,5238.58,2466.93
1978,"September","North",954.45,1757.4,1797.5,1812.25,5.725,1803.225,1817.975,863.525
1978,"October","North",2799.1,5704.8,5731.6,5735.8,6.665,5738.265,5742.465,2943.365
1978,"November","North",2058.4,3893.8,3905.6,3922.2,3.63,3909.23,3925.83,1867.43
1978,"December","North",1547.75,2929.825,3113.7,3126.4875,3.01,3116.71,3129.4975,1581.7475
1979,"January","North",1037.1,1965.85,2321.8,2330.775,2.39,2324.19,2333.165,1296.065
1979,"February","North",526.45,1001.875,1529.9,1535.0625,1.77,1531.67,1536.8325,1010.3825
1979,"March","North",15.8,37.9,738,739.35,1.15,739.15,740.5,724.7
1979,"April","North",116.3,922.6,1103.85,1107.8,3.745,1107.595,1111.545,995.245
1979,"May","North",1098.75,7833.65,7866,7886.05,6.28,7230.58,7262.98,5725.48
1979,"June","North",626.6,21813.8,21823.9,21823.9,3.68,21834.52,21834.52,21581.32
1979,"July","North",1653.9,18725.9,18725.9,18725.9,9.95,18735.85,18735.85,17081.95
1979,"August","North",2492.05,13690.1,13717.5,13722.8,5.915,13723.415,13728.715,11236.665
1979,"September","North",2407.35,10908.9,10984.55,11021.05,6.415,10990.965,11027.465,8620.115
1979,"October","North",2595.5,9376.7,9513.6,9621.5,4.315,9517.61,9625.51,7030.01
1979,"November","North",2669.2,7765,7790.4,7817.4,3.31,7793.71,7820.71,5151.51
1979,"December","North",2047.2375,5868.45,6139.5,6160.3875,2.485,6141.985,6162.8725,4115.635
1980,"January","North",1425.275,3971.9,4488.6,4503.375,1.66,4490.26,4505.035,3079.76
1980,"February","North",803.3125,2075.35,2837.7,2846.3625,0.835,2838.535,2847.1975,2043.885
1980,"March","North",181.35,178.8,1186.8,1189.35,0.01,1186.81,1189.36,1008.01
1980,"April","North",272.5,3002.85,5827.2,5839.95,6.88,5834.08,5846.83,5574.33
1980,"May","North",580.6,9826.25,25937.6,25964.8,10.595,25948.195,25975.395,25394.795
1980,"June","North",718.25,9264.6,10886.2,10897.7,3.955,10890.155,10901.655,10183.405
1980,"July","North",1022.6,9313.85,9328.1,9337.2,6.29,9334.39,9343.49,8320.89
1980,"August","North",3004.95,17245.4,17300.45,17305.05,7.785,17308.235,17312.835,14307.885
1980,"September","North",1543.4,7776.05,7797.8,7829.65,64.24,7862.04,7893.89,6350.49
1980,"October","North",586,3447.3,3504.95,3513.75,55.75,3560.7,3569.5,2983.5
1980,"November","North",562.8,1776.4,1776.4,1789,9.31,1785.71,1798.31,1235.51
1980,"December","North",448.75,1358.5,1473.975,1483.875,7.59,1481.2725,1491.1725,1042.4225
1981,"January","North",334.7,940.6,1171.55,1178.75,5.87,1176.835,1184.035,849.335
1981,"February","North",220.65,522.7,869.125,873.625,4.15,872.3975,876.8975,656.2475
1981,"March","North",106.6,104.8,566.7,568.5,2.43,567.96,569.76,463.16
1981,"April","North",909.4,2289.7,2368.45,2373.3,6.37,2374.82,2379.67,1470.27
1981,"May","North",904.25,3554.55,3958.2,3990.35,130.29,4088.49,4120.64,3216.39
1981,"June","North",957.75,5379.1,5466.4,5467.85,21.905,5488.305,5489.755,4532.005
1981,"July","North",1060,4460.8,4478.15,4481.8,31.555,4509.705,4513.355,3453.355
1981,"August","North",873.15,2130.75,2134.6,2139.5,2.775,2137.375,2142.275,1269.125
1981,"September","North",3750.05,8200.2,8218.05,8236.35,6.735,8224.785,8243.085,4493.035
1981,"October","North",2092.05,7423,7459.1,7469.25,6.31,7465.41,7475.56,5383.51
1981,"November","North",822.5,2136.9,2211.5,2216.5,0.89,2212.39,2217.39,1394.89
1981,"December","North",624.0875,1635.425,1728.7,1733.25,0.6875,1729.3875,1733.9375,1109.85
1982,"January","North",425.675,1133.95,1245.9,1250,0.485,1246.385,1250.485,824.81
1982,"February","North",227.2625,632.475,763.1,766.75,0.2825,763.3825,767.0325,539.77
1982,"March","North",28.85,131,280.3,283.5,0.08,280.38,283.58,254.73
1982,"April","North",116.85,254.15,984.75,992.85,0,984.75,992.85,876
1982,"May","North",132.6,349.45,864.5,866.05,2.61,867.11,868.66,736.06
1982,"June","North",361.65,3287.75,3449.2,3451.7,16.88,3466.08,3468.58,3106.93
1982,"July","North",1249.55,12447.6,12565.25,12591.4,186.27,12751.52,12777.67,11528.12
1982,"August","North",630.1,9055.45,9078.95,9084.25,55.52,9134.47,9139.77,8509.67
1982,"September","North",300.1,742.3,1142.1,1154.75,19.74,1161.84,1174.49,874.39
1982,"October","North",360.15,1593.05,1662.8,1679.85,4.37,1667.17,1684.22,1324.07
1982,"November","North",33.4,796.4,906,906.2,0.07,906.07,906.27,872.87
1982,"December","North",51.6,644.3,830.075,830.525,0.0525,830.1275,830.5775,778.9775
1983,"January","North",69.8,492.2,754.15,754.85,0.035,754.185,754.885,685.085
1983,"February","North",88,340.1,678.225,679.175,0.0175,678.2425,679.1925,591.1925
1983,"March","North",106.2,188,602.3,603.5,0,602.3,603.5,497.3
1983,"April","North",94.15,367.35,1387.75,1388.7,0.1,1387.85,1388.8,1294.65
1983,"May","North",209.9,1388.95,2132,2133.45,0.165,2132.165,2133.615,1923.715
1983,"June","North",71.95,714.5,1387.7,1388.1,0.58,1388.28,1388.68,1316.73
1983,"July","North",342.85,5505.45,5532.6,5532.7,4.14,5536.74,5536.84,5193.99
1983,"August","North",794.15,7627.15,7817.45,7849.95,11.005,7828.455,7860.955,7066.805
1983,"September","North",198.2,1159.3,1302.4,1303.05,0.015,1302.415,1303.065,1104.865
1983,"October","North",165.85,873.6,917.9,918.7,0.01,917.91,918.71,752.86
1983,"November","North",155,737.6,793.2,793.2,0.01,793.21,793.21,638.21
1983,"December","North",130.4125,608.1625,683.55,683.6,0.0525,683.6025,683.6525,553.24
1984,"January","North",105.825,478.725,573.9,574,0.095,573.995,574.095,468.27
1984,"February","North",81.2375,349.2875,464.25,464.4,0.1375,464.3875,464.5375,383.3
1984,"March","North",56.65,219.85,354.6,354.8,0.18,354.78,354.98,298.33
1984,"April","North",359.2,1214.6,1543.95,1545,2.24,1546.19,1547.24,1188.04
1984,"May","North",1034.65,4106.4,4132.75,4137.5,8.65,4141.4,4146.15,3111.5
1984,"June","North",1585.95,13218.65,13218.65,13248.7,354.385,13573.035,13603.085,12017.135
1984,"July","North",2276.15,15075.05,15106.9,15107.8,13.315,15120.215,15121.115,12844.965
1984,"August","North",1802.65,18329.4,18473.25,18479.7,3.95,18477.2,18483.65,16681
1984,"September","North",1959.1,7395.6,8436.1,8502.7,2.1,8438.2,8504.8,6545.7
1984,"October","North",330.35,2439.1,2896.3,2960.95,0.33,2896.63,2961.28,2630.93
1984,"November","North",123.1,3208.8,3550,3552.7,0.11,3550.11,3552.81,3429.71
1984,"December","North",188.2875,3006.1875,3271.7875,3273.8125,0.3775,3272.165,3274.19,3085.9025
1985,"January","North",253.475,2803.575,2993.575,2994.925,0.645,2994.22,2995.57,2742.095
1985,"February","North",318.6625,2600.9625,2715.3625,2716.0375,0.9125,2716.275,2716.95,2398.2875
1985,"March","North",383.85,2398.35,2437.15,2437.15,1.18,2438.33,2438.33,2054.48
1985,"April","North",814.5,3151.85,3251.2,3255.5,30.915,3282.115,3286.415,2471.915
1985,"May","North",859.35,8525.8,9443.7,9549.6,100.19,9543.89,9649.79,8790.44
1985,"June","North",1122.55,7195.5,7200.95,7200.95,67.055,7268.005,7268.005,6145.455
1985,"July","North",2412.55,8707.65,8730.75,8732.55,3.275,8734.025,8735.825,6323.275
1985,"August","North",1069.65,16960.6,17041.95,17049.5,32.975,17074.925,17082.475,16012.825
1985,"September","North",2595.55,5588.7,5624.9,5646.35,8.225,5633.125,5654.575,3059.025
1985,"October","North",3010.8,7847.5,7996.2,8034.35,13.135,8009.335,8047.485,5036.685
1985,"November","North",4206.8,11185.2,11185.2,11201.3,9.13,11194.33,11210.43,7003.63
1985,"December","North",3389.1,9332.91,9803.28,9816.16,7.511,9810.791,9823.671,6434.571
1986,"January","North",2571.4,7480.62,8421.36,8431.02,5.892,8427.252,8436.912,5865.512
1986,"February","North",1753.7,5628.33,7039.44,7045.88,4.273,7043.713,7050.153,5296.453
1986,"March","North",936,3776.04,5657.52,5660.74,2.654,5660.174,5663.394,4727.394
1986,"April","North",118.3,1923.75,4275.6,4275.6,1.035,4276.635,4276.635,4158.335
1986,"May","North",1129.55,5815.5,5942.75,5948.35,10,5952.75,5958.35,4828.8
1986,"June","North",3217.35,16521.65,16684.6,16711.8,43.76,13600.76,13602.06,12585.86
1986,"July","North",2346.05,17823.55,17838.15,17838.95,13.015,17851.165,17851.965,15505.915
1986,"August","North",777.2,4019.45,4023.6,4024.45,87.475,4111.075,4111.925,3334.725
1986,"September","North",1156.9,5062.15,5077.35,5079.75,5.365,5082.715,5085.115,3928.215
1986,"October","North",469.9,2225.1,2237,2237,0.46,2237.46,2237.46,1767.56
1986,"November","North",2415.6,6421.9,6443.7,6444.7,0.86,6444.56,6445.56,4029.96
1986,"December","North",1826.075,4849.3625,4892.9125,4893.85,1.38875,4894.30125,4895.23875,3069.16375
1987,"January","North",1236.55,3276.825,3342.125,3343,1.9175,3344.0425,3344.9175,2108.3675
1987,"February","North",647.025,1704.2875,1791.3375,1792.15,2.44625,1793.78375,1794.59625,1147.57125
1987,"March","North",57.5,131.75,240.55,241.3,2.975,243.525,244.275,186.775
1987,"April","North",2466.5,5968.85,5996.95,6014.7,12.72,6009.67,6027.42,3560.92
1987,"May","North",8601.15,19276.75,19276.75,19305.75,26.175,19302.925,19331.925,10730.775
1987,"June","North",3044.2,7643.65,7719.7,7726.1,5.685,7725.385,7731.785,4687.585
1987,"July","North",4465.1,8792.05,8797.45,8816.85,2.25,8799.7,8819.1,4354
1987,"August","North",4581.3,8107.85,8134.85,8203,2.335,8137.185,8205.335,3624.035
1987,"September","North",2550.8,5222.25,5252.45,5264.35,5.175,5257.625,5269.525,2718.725
1987,"October","North",3051.4,4957.65,4985.7,4993.55,2.9,4988.6,4996.45,1945.05
1987,"November","North",564.9,1523.8,1529.9,1537.5,1.58,1531.48,1539.08,974.18
1987,"December","North",438.8,1165.725,1171.175,1182.825,1.7475,1172.9225,1184.5725,745.7725
1988,"January","North",312.7,807.65,812.45,828.15,1.915,814.365,830.065,517.365
1988,"February","North",186.6,449.575,453.725,473.475,2.0825,455.8075,475.5575,288.9575
1988,"March","North",60.5,91.5,95,118.8,2.25,97.25,121.05,60.55
1988,"April","North",225.85,1502.35,1631.75,1646.5,2.54,1634.29,1649.04,1423.19
1988,"May","North",327.65,2845.55,2863.05,2867.05,19.815,2882.865,2886.865,2559.215
1988,"June","North",337.55,2070.6,2081.8,2097.45,31.6,2113.4,2129.05,1791.5
1988,"July","North",1040.45,5360.075,5374.6,5398.475,17.07,5391.67,5415.545,4375.095
1988,"August","North",1743.35,8649.55,8667.4,8699.5,2.54,8669.94,8702.04,6958.69
1988,"September","North",3217.3,11543.5,11559.35,11577.2,1.06,11560.41,11578.26,8360.96
1988,"October","North",4754.45,14618.75,14618.75,14638.25,1.77,14620.52,14640.02,9885.57
1988,"November","North",2315.1,12512.5,12512.5,12524.6,0.99,12513.49,12525.59,10210.49
1988,"December","North",1750.625,9417.675,9506.875,9516.025,0.77,9507.645,9516.795,7766.17
1989,"January","North",1186.15,6322.85,6501.25,6507.45,0.55,6501.8,6508,5321.85
1989,"February","North",621.675,3228.025,3495.625,3498.875,0.33,3495.955,3499.205,2877.53
1989,"March","North",57.2,133.2,490,490.3,0.11,490.11,490.41,433.21
1989,"April","North",696.15,1483.85,1671.65,1677.9,1.01,1672.66,1678.91,982.76
1989,"May","North",1723.15,8174,8298.8,8306.05,7.745,8306.545,8313.795,6590.645
1989,"June","North",1090.7,11833.6,11855.55,11857.5,26.805,11882.355,11884.305,10793.605
1989,"July","North",2105.1,9426.5,9432.4,9438.3,1.84,9434.24,9440.14,7335.04
1989,"August","North",2339.75,11819.3,11855.45,11859.05,0.015,11855.465,11859.065,9519.315
1989,"September","North",7286.55,25859.85,25900.75,25952.95,0.79,25901.54,25953.74,18667.19
1989,"October","North",2802.75,8787.75,8787.75,8860.85,6.215,8793.965,8867.065,6064.315
1989,"November","North",2534.2,3875.3,3880.8,3901.9,0.14,3880.94,3902.04,1367.84
1989,"December","North",1968.975,2983.8,2993.275,3027.25,0.25,2993.525,3027.5,1058.525
1990,"January","North",1403.75,2092.3,2105.75,2152.6,0.36,2106.11,2152.96,749.21
1990,"February","North",838.525,1200.8,1218.225,1277.95,0.47,1218.695,1278.42,439.895
1990,"March","North",273.3,309.3,330.7,403.3,0.58,331.28,403.88,130.58
1990,"April","North",265.6,656.5,691.2,697,5.85,697.05,702.85,437.25
1990,"May","North",985.2,1733.4,1733.4,1756.7,3.66,1742.11,1765.41,780.21
1990,"June","North",3026.3,9824.2,9824.2,9886.15,2.04,9826.24,9888.19,6861.89
1990,"July","North",4079.1,17110.95,17138.4,17156.4,1.455,17139.855,17157.855,13078.755
1990,"August","North",3241.8,17446.3,17455.55,17478.65,0.745,17456.295,17479.395,14237.595
1990,"September","North",3293.35,19349.1,19374,19423.8,0.97,19374.97,19424.77,16131.42
1990,"October","North",3111.85,8189.55,8205.8,8215.65,0.455,8206.255,8216.105,5104.255
1990,"November","North",2219.1,13619.4,13619.4,13641,1.02,13620.42,13642.02,11422.92
1990,"December","North",1797.47,10955.35,11002.07,11023.16,1.256,11003.326,11024.416,9226.946
1991,"January","North",1375.84,8291.3,8384.74,8405.32,1.492,8386.232,8406.812,7030.972
1991,"February","North",954.21,5627.25,5767.41,5787.48,1.728,5769.138,5789.208,4834.998
1991,"March","North",532.58,2963.2,3150.08,3169.64,1.964,3152.044,3171.604,2639.024
1991,"April","North",110.95,299.15,532.75,551.8,2.2,534.95,554,443.05
1991,"May","North",148.6,326.5,335.8,339.7,2.52,338.32,342.22,193.62
1991,"June","North",612.4,4102.15,4102.15,4108.25,4.62,4106.77,4112.87,3500.47
1991,"July","North",924.8,8443.1,8443.1,8447.7,1.04,8444.14,8448.74,7523.94
1991,"August","North",1743.15,11333.15,11339.4,11354.6,2.95,11342.35,11357.55,9614.4
1991,"September","North",1810.35,12217.7,12227.85,12227.85,2.005,12229.855,12229.855,10419.505
1991,"October","North",1590,9670.75,9670.75,9672.45,1.37,9672.12,9673.82,8083.82
1991,"November","North",624.6,9278,9309.4,9321.6,0.94,9310.34,9322.54,8697.94
1991,"December","North",477.875,6979.425,7029.05,7038.375,0.74,7029.79,7039.115,6561.24
1992,"January","North",331.15,4680.85,4748.7,4755.15,0.54,4749.24,4755.69,4424.54
1992,"February","North",184.425,2382.275,2468.35,2471.925,0.34,2468.69,2472.265,2287.84
1992,"March","North",37.7,83.7,188,188.7,0.14,188.14,188.84,151.14
1992,"April","North",1047.65,2036,2129.95,2161.8,0.56,2130.51,2162.36,1114.71
1992,"May","North",2161.75,8675,8861.15,8940.55,5.01,8866.16,8945.56,6783.81
1992,"June","North",813.7,7125.4,7129.3,7144.7,2.325,7131.625,7147.025,6333.325
1992,"July","North",2186.95,9682.6,9704.7,9730.55,0.8,9705.5,9731.35,7544.4
1992,"August","North",1145.75,4532.6,4544.85,4559.15,0.06,4544.91,4559.21,3413.46
1992,"September","North",1562.15,3833.55,3865.25,4092.5,0.21,3865.46,4092.71,2530.56
1992,"October","North",797.9,2453.1,2453.1,2538.65,0.395,2453.495,2539.045,1741.145
1992,"November","North",1775,6237.8,6237.8,6311.7,0.52,6238.32,6312.22,4537.22
1992,"December","North",1349.65,5001.55,5180.9,5236.5,0.4025,5181.3025,5236.9025,3887.2525
1993,"January","North",924.3,3765.3,4124,4161.3,0.285,4124.285,4161.585,3237.285
1993,"February","North",498.95,2529.05,3067.1,3086.1,0.1675,3067.2675,3086.2675,2587.3175
1993,"March","North",73.6,1292.8,2010.2,2010.9,0.05,2010.25,2010.95,1937.35
1993,"April","North",102,346.65,1068.45,1069.65,0.245,1068.695,1069.895,967.895
1993,"May","North",2965.4,15618.75,17131.95,17295.45,0.46,4427.66,4482.96,3561.16
1993,"June","North",1360.6,4534.55,4786.95,4835.75,0,1156.2,1158.5,1075.1
1993,"July","North",1342.7,8967.85,9009.15,9011.95,0.14,9009.29,9012.09,7669.39
1993,"August","North",3109,12021.6,12021.6,12023.9,0.005,12021.61,12023.91,8914.91
1993,"September","North",2849,6745.55,6769.75,6778.75,0.785,6770.535,6779.535,3930.535
1993,"October","North",1137.9,3745.7,3760,3769.1,0.765,3760.765,3769.865,2631.965
1993,"November","North",673.7,1983.5,1991.7,1997.8,0.56,1992.26,1998.36,1324.66
1993,"December","North",579.4,1623.075,1649.275,1653.875,0.42,1649.695,1654.295,1074.895
1994,"January","North",485.1,1262.65,1306.85,1309.95,0.28,1307.13,1310.23,825.13
1994,"February","North",390.8,902.225,964.425,966.025,0.14,964.565,966.165,575.365
1994,"March","North",296.5,541.8,622,622.1,0,622,622.1,325.6
1994,"April","North",3535.3,6327.7,6359.3,6365,0.12,6359.42,6365.12,2829.82
1994,"May","North",4660.1,12184.3,12280.6,12343.2,0.77,12281.37,12343.97,7683.87
1994,"June","North",210.6,1550.7,1550.7,1552.4,13.75,1564.45,1566.15,1355.55
1994,"July","North",303.3,2978.9,2978.9,2978.9,0.85,2979.75,2979.75,2676.45
1994,"August","North",501.7,3291.9,3299.4,3299.4,2.26,3301.66,3301.66,2799.96
1994,"September","North",309.1,4757.4,4757.4,4757.4,2.51,4759.91,4759.91,4450.81
1994,"October","North",563.7,2860.8,2860.8,2862.3,0.28,2861.08,2862.58,2298.88
1994,"November","North",463.5,2058.4,2058.4,2059.5,0.42,2058.82,2059.92,1596.42
1994,"December","North",367.775,1591.6,1696.825,1703.05,0.315,1697.14,1703.365,1335.59
1995,"January","North",272.05,1124.8,1335.25,1346.6,0.21,1335.46,1346.81,1074.76
1995,"February","North",176.325,658,973.675,990.15,0.105,973.78,990.255,813.93
1995,"March","North",80.6,191.2,612.1,633.7,0,612.1,633.7,553.1
1995,"April","North",103.3,777.5,1737.7,1745.5,0,1737.7,1745.5,1642.2
1995,"May","North",98,318.6,1762,1767.3,0,1762,1767.3,1669.3
1995,"June","North",157.9,701.5,1424.9,1432.2,0.03,1424.93,1432.23,1274.33
1995,"July","North",69.8,734,1025.6,1026.6,0,1025.6,1026.6,956.8
1995,"August","North",2105.5,3841.9,3890.9,3893,0.05,3890.95,3893.05,1787.55
1995,"September","North",181.9,265.2,301,302.9,0,301,302.9,121
1995,"October","North",3020,5224.7,5232.9,5273.7,0,5232.9,5273.7,2253.7
1995,"November","North",469.9,2086.8,2106.4,2117.3,0.02,2106.42,2117.32,1647.42
1995,"December","North",364.325,1583.375,1681.975,1690.825,0.015,1681.99,1690.84,1326.515
1996,"January","North",258.75,1079.95,1257.55,1264.35,0.01,1257.56,1264.36,1005.61
1996,"February","North",153.175,576.525,833.125,837.875,0.005,833.13,837.88,684.705
1996,"March","North",47.6,73.1,408.7,411.4,0,408.7,411.4,363.8
1996,"April","North",186.1,461.7,787.2,788.4,0,787.2,788.4,602.3
1996,"May","North",2084.6,4196.5,4310.8,4459,6.07,4316.87,4465.07,2380.47
1996,"June","North",787.8,2111.3,2374.6,2391.4,2.49,2377.09,2393.89,1606.09
1996,"July","North",4471,5758.4,5786.7,5786.7,0,5786.7,5786.7,1315.7
1996,"August","North",2769.8,6840.1,6846.5,6855.1,0.67,6847.17,6855.77,4085.97
1996,"September","North",1012.5,7296.9,7308.9,7310.1,4.27,7313.17,7314.37,6301.87
1996,"October","North",445.7,5219.8,5219.8,5219.8,1.8,5221.6,5221.6,4775.9
1996,"November","North",352.6,1006.7,1012.1,1023.3,0.2,1012.3,1023.5,670.9
1996,"December","North",296.95,1045.225,1116.5,1124.9,0.1525,1116.6525,1125.0525,828.1025
1997,"January","North",241.3,1083.75,1220.9,1226.5,0.105,1221.005,1226.605,985.305
1997,"February","North",185.65,1122.275,1325.3,1328.1,0.0575,1325.3575,1328.1575,1142.5075
1997,"March","North",130,1160.8,1429.7,1429.7,0.01,1429.71,1429.71,1299.71
1997,"April","North",3321,9125.9,12526.7,12546.2,1.46,12528.16,12547.66,9226.66
1997,"May","North",5827.8,13070.4,13250.6,13379.3,0.5,13251.1,13379.8,7552
1997,"June","North",944.8,5104.6,5169.9,5171.5,4.52,5174.42,5176.02,4231.22
1997,"July","North",4462,5807,5914.5,5919.9,0.04,5914.54,5919.94,1457.94
1997,"August","North",4720.1,8641.3,8641.3,8641.3,0.24,8641.54,8641.54,3921.44
1997,"September","North",8748.3,9398.6,9482.2,9489.8,0.07,9482.27,9489.87,741.57
1997,"October","North",1134.6,4796.1,4814.7,4814.7,5.14,4819.84,4819.84,3685.24
1997,"November","North",744.6,1679.8,1679.8,1679.8,2.12,1681.92,1681.92,937.32
1997,"December","North",594.6,1303.325,1395.425,1408.75,1.59,1397.015,1410.34,815.74
1998,"January","North",444.6,926.85,1111.05,1137.7,1.06,1112.11,1138.76,694.16
1998,"February","North",294.6,550.375,826.675,866.65,0.53,827.205,867.18,572.58
1998,"March","North",144.6,173.9,542.3,595.6,0,542.3,595.6,451
1998,"April","North",657.3,1265.3,2058.4,2060.3,0.05,2058.45,2060.35,1403.05
1998,"May","North",194.8,756.1,1199,1205.4,0.32,1199.32,1205.72,1010.92
1998,"June","North",329.2,958,2272.5,2281.8,0.83,2273.33,2282.63,1953.43
1998,"July","North",808,1283.2,1373.3,1375.9,0.04,1373.34,1375.94,567.94
1998,"August","North",3448.4,5265.8,5290,5296.1,0.01,5290.01,5296.11,1847.71
1998,"September","North",665.4,1997.1,2078.7,2083,0.05,2078.75,2083.05,1417.65
1998,"October","North",546.5,1761.4,1798.3,1811.1,0.13,1798.43,1811.23,1264.73
1998,"November","North",302.1,5353.6,5528.7,5531.8,2.49,5531.19,5534.29,5232.19
1998,"December","North",239.925,4036.15,4374.425,4377.475,1.8675,4376.2925,4379.3425,4139.4175
1999,"January","North",177.75,2718.7,3220.15,3223.15,1.245,3221.395,3224.395,3046.645
1999,"February","North",115.575,1401.25,2065.875,2068.825,0.6225,2066.4975,2069.4475,1953.8725
1999,"March","North",53.4,83.8,911.6,914.5,0,911.6,914.5,861.1
1999,"April","North",24.4,334.7,630,630,0,630,630,605.6
1999,"May","North",157.3,304.4,402,404.9,0,402,404.9,247.6
1999,"June","North",1133.2,7742,7878.7,7939,1.03,7879.73,7940.03,6806.83
1999,"July","North",576.5,2344.9,2438.1,2440.2,0.77,2438.87,2440.97,1864.47
1999,"August","North",1465.1,6183.8,6239.4,6249.7,1.49,6240.89,6251.19,4786.09
1999,"September","North",3341.9,5191.1,5214,5235.4,0.14,5214.14,5235.54,1893.64
1999,"October","North",2256,6695.1,6695.1,6730.4,6.89,6701.99,6737.29,4481.29
1999,"November","North",566.3,5951.4,5959.5,5960.9,4.75,5964.25,5965.65,5399.35
1999,"December","North",428.525,4470.35,4559,4560.325,3.5625,4562.5625,4563.8875,4135.3625
2000,"January","North",290.75,2989.3,3158.5,3159.75,2.375,3160.875,3162.125,2871.375
2000,"February","North",152.975,1508.25,1758,1759.175,1.1875,1759.1875,1760.3625,1607.3875
2000,"March","North",15.2,27.2,357.5,358.6,0,357.5,358.6,343.4
2000,"April","North",97,376.9,610.3,610.3,0,610.3,610.3,513.3
2000,"May","North",126.7,3560.8,3653.9,3661.9,7.98,3661.88,3669.88,3543.18
2000,"June","North",987.9,6745.8,6772.9,6780.3,3.45,6776.35,6783.75,5795.85
2000,"July","North",1495.4,4638.4,4638.4,4641,4.08,4642.48,4645.08,3149.68
2000,"August","North",6644.1,10423.4,10442.9,10450.2,0.06,10442.96,10450.26,3806.16
2000,"September","North",4016.2,44464.5,44464.5,44478.5,2.05,44466.55,44480.55,40464.35
2000,"October","North",1701.3,5890.5,5890.5,5903.7,2.95,5893.45,5906.65,4205.35
2000,"November","North",137.8,2865.7,2865.7,2868.4,1.3,2867,2869.7,2731.9
2000,"December","North",124.95,2226.5,2514.95,2517.6,0.9825,2515.9325,2518.5825,2393.6325
2001,"January","North",112.1,1587.3,2164.2,2166.8,0.665,2164.865,2167.465,2055.365
2001,"February","North",99.25,948.1,1813.45,1816,0.3475,1813.7975,1816.3475,1717.0975
2001,"March","North",86.4,308.9,1462.7,1465.2,0.03,1462.73,1465.23,1378.83
2001,"April","North",395.5,2222.5,2276.2,2282.4,0.04,2276.24,2282.44,1886.94
2001,"May","North",2031.6,15052.8,15052.8,15059.2,16.54,15069.34,15075.74,13044.14
2001,"June","North",1318.1,16071.9,16071.9,16074.3,5.27,16077.17,16079.57,14761.47
2001,"July","North",2212,4667.9,4683.3,4692.5,0.59,4683.89,4693.09,2481.09
2001,"August","North",456.8,1331.7,1331.7,1331.7,1.31,1333.01,1333.01,876.21
2001,"September","North",418.6,1620.6,1625.5,1625.5,1.95,1627.45,1627.45,1208.85
2001,"October","North",472,1686.5,1712.6,1714,5.54,1718.14,1719.54,1247.54
2001,"November","North",217.5,415.4,415.4,416.4,1.74,417.14,418.14,200.64
2001,"December","North",202.275,459.65,486.575,487.375,1.41,487.985,488.785,286.51
2002,"January","North",187.05,503.9,557.75,558.35,1.08,558.83,559.43,372.38
2002,"February","North",171.825,548.15,628.925,629.325,0.75,629.675,630.075,458.25
2002,"March","North",156.6,592.4,700.1,700.3,0.42,700.52,700.72,544.12
2002,"April","North",1778.6,3895.4,4383,4389.2,0.19,4383.19,4389.39,2610.79
2002,"May","North",302.5,5035,5094.9,5094.9,1.52,5096.42,5096.42,4793.92
2002,"June","North",270.6,5996.9,6008.7,6008.7,4.8,6013.5,6013.5,5742.9
2002,"July","North",730.3,2572.6,2572.6,2572.6,3.89,2576.49,2576.49,1846.19
2002,"August","North",480.2,1748,1748,1750.8,1.19,1749.19,1751.99,1271.79
2002,"September","North",946.8,7399.1,7399.1,7399.1,1.95,7401.05,7401.05,6454.25
2002,"October","North",562.4,4868.3,4877.25,4877.25,1.255,4878.505,4878.505,4316.105
2002,"November","North",178,2337.5,2355.4,2355.4,0.56,2355.96,2355.96,2177.96
2002,"December","North",162.4,1816.675,1836.9,1837.1,0.42,1837.32,1837.52,1675.12
2003,"January","North",146.8,1295.85,1318.4,1318.8,0.28,1318.68,1319.08,1172.28
2003,"February","North",131.2,775.025,799.9,800.5,0.14,800.04,800.64,669.44
2003,"March","North",115.6,254.2,281.4,282.2,0,281.4,282.2,166.6
2003,"April","North",294.4,1289.3,1356.5,1360.4,0.01,1356.51,1360.41,1066.01
2003,"May","North",206.3,333,959.5,962.2,0,959.5,962.2,755.9
2003,"June","North",144.3,996,1027.3,1027.4,1.05,1028.35,1028.45,884.15
2003,"July","North",1811.8,3124.7,3140.7,3145.7,0,3140.7,3145.7,1333.9
2003,"August","North",1291,9051.5,9051.5,9056.3,0.43,9051.93,9056.73,7765.73
2003,"September","North",1486,8677.6,8677.6,8682.2,9.29,8686.89,8691.49,7205.49
2003,"October","North",694.4,1936.2,1943.3,1946.5,0.18,1943.48,1946.68,1252.28
2003,"November","North",132.7,1038.9,1038.9,1038.9,0.11,1039.01,1039.01,906.31
2003,"December","North",161.825,977.375,1119.2,1119.575,0.0825,1119.2825,1119.6575,957.8325
2004,"January","North",190.95,915.85,1199.5,1200.25,0.055,1199.555,1200.305,1009.355
2004,"February","North",220.075,854.325,1279.8,1280.925,0.0275,1279.8275,1280.9525,1060.8775
2004,"March","North",249.2,792.8,1360.1,1361.6,0,1360.1,1361.6,1112.4
2004,"April","North",109.3,600.6,753.4,754.9,0,753.4,754.9,645.6
2004,"May","North",2402.7,33328,33542,33545.1,3.59,33545.59,33548.69,31145.99
2004,"June","North",560.8,4527.4,4527.4,4529.3,0.63,4528.03,4529.93,3969.13
2004,"July","North",249,2642.8,2644.5,2645.2,6.28,2650.78,2651.48,2402.48
2004,"August","North",1224.2,11852.3,11854.1,11854.5,4.5,11858.6,11859,10634.8
2004,"September","North",309.7,3029.7,3030.9,3033.3,2.78,3033.68,3036.08,2726.38
2004,"October","North",572.1,4261,4263.5,4266.5,2.04,4265.54,4268.54,3696.44
2004,"November","North",31.1,502.4,509.8,510,0.42,510.22,510.42,479.32
2004,"December","North",36.525,491.925,544.175,544.5,0.3275,544.5025,544.8275,508.3025
2005,"January","North",41.95,481.45,578.55,579,0.235,578.785,579.235,537.285
2005,"February","North",47.375,470.975,612.925,613.5,0.1425,613.0675,613.6425,566.2675
2005,"March","North",52.8,460.5,647.3,648,0.05,647.35,648.05,595.25
2005,"April","North",266.3,922.3,1013,1013.7,0,1013,1013.7,747.4
2005,"May","North",37.9,60.6,231.4,232,0,231.4,232,194.1
2005,"June","North",137.9,762.5,898.4,899.1,0.02,898.42,899.12,761.22
2005,"July","North",401.3,2766.3,2783.4,2784.4,1.2,2784.6,2785.6,2384.3
2005,"August","North",523.9,2714.9,2716.5,2716.5,10.57,2727.07,2727.07,2203.17
2005,"September","North",2255.3,10738.8,10745.5,10748.8,3.34,10748.84,10752.14,8496.84
2005,"October","North",255.7,966.5,968.7,970.2,0.3,969,970.5,714.8
2005,"November","North",211.7,1595.2,1596.1,1596.2,0.46,1596.56,1596.66,1384.96
2005,"December","North",180.25,1231.675,1360.2,1361.225,0.345,1360.545,1361.57,1181.32
2006,"January","North",148.8,868.15,1124.3,1126.25,0.23,1124.53,1126.48,977.68
2006,"February","North",117.35,504.625,888.4,891.275,0.115,888.515,891.39,774.04
2006,"March","North",85.9,141.1,652.5,656.3,0,652.5,656.3,570.4
2006,"April","North",77.2,320.8,792.9,794.1,0,792.9,794.1,716.9
2006,"May","North",44.2,296.5,1323.1,1323.3,0,1323.1,1323.3,1279.1
2006,"June","North",2542.7,5178.5,5248.8,5255.3,0.22,5249.02,5255.52,2712.82
2006,"July","North",2335,10612.3,10638.4,10643.3,0.05,10638.45,10643.35,8308.35
2006,"August","North",5483.6,10836.2,10844.4,10846.4,0.82,10845.22,10847.22,5363.62
2006,"September","North",4121.9,10107.5,10119.7,10126.7,2.65,10122.35,10129.35,6007.45
2006,"October","North",1554.2,2150.2,2161.9,2165.5,0,2161.9,2165.5,611.3
2006,"November","North",1304,5196.7,5210.9,5211.8,0.04,5210.94,5211.84,3907.84
2006,"December","North",987.275,3942.15,3980.75,3981.425,0.03,3980.78,3981.455,2994.18
2007,"January","North",670.55,2687.6,2750.6,2751.05,0.02,2750.62,2751.07,2080.52
2007,"February","North",353.825,1433.05,1520.45,1520.675,0.01,1520.46,1520.685,1166.86
2007,"March","North",37.1,178.5,290.3,290.3,0,290.3,290.3,253.2
2007,"April","North",572.5,2362,2494.7,2499.6,0,2494.7,2499.6,1927.1
2007,"May","North",1044.6,4153.4,4217.9,4221.4,0.01,4217.91,4221.41,3176.81
2007,"June","North",313.2,4996.7,5094.9,5095,0.49,5095.39,5095.49,4782.29
2007,"July","North",125.2,508.4,513.7,513.7,0.03,513.73,513.73,388.53
2007,"August","North",1386.4,3640.7,3648.7,3649.7,0.09,3648.79,3649.79,2263.39
2007,"September","North",731.9,1520.7,1542.5,1543.4,0,1542.5,1543.4,811.5
2007,"October","North",990.4,1308.8,1308.8,1309.4,0.01,1308.81,1309.41,319.01
2007,"November","North",657.5,1858.5,1860.3,1865,0.25,1860.55,1865.25,1207.75
2007,"December","North",586.725,1696.2,1735.85,1739.875,0.235,1736.085,1740.11,1153.385
2008,"January","North",515.95,1533.9,1611.4,1614.75,0.22,1611.62,1614.97,1099.02
2008,"February","North",445.175,1371.6,1486.95,1489.625,0.205,1487.155,1489.83,1044.655
2008,"March","North",374.4,1209.3,1362.5,1364.5,0.19,1362.69,1364.69,990.29
2008,"April","North",3056.4,11688.8,11830.4,11841.2,1.1,11831.5,11842.3,8785.9
2008,"May","North",3739.2,29915.9,29915.9,29920.7,5.2,29921.1,29925.9,26186.7
2008,"June","North",530.6,8900.3,8938.5,8938.5,3.03,8941.53,8941.53,8410.93
2008,"July","North",480.7,1764.7,1779.7,1781.5,3.22,1782.92,1784.72,1304.02
2008,"August","North",415.6,3243.1,3248.2,3248.4,2.13,3250.33,3250.53,2834.93
2008,"September","North",248.7,1565.9,1570.6,1570.6,1.28,1571.88,1571.88,1323.18
2008,"October","North",647.9,874.4,875.4,875.6,0,875.4,875.6,227.7
2008,"November","North",143.6,2766.3,2771.7,2772,0.15,2771.85,2772.15,2628.55
2008,"December","North",118.475,2111.525,2158.35,2158.625,0.1125,2158.4625,2158.7375,2040.2625
2009,"January","North",93.35,1456.75,1545,1545.25,0.075,1545.075,1545.325,1451.975
2009,"February","North",68.225,801.975,931.65,931.875,0.0375,931.6875,931.9125,863.6875
2009,"March","North",43.1,147.2,318.3,318.5,0,318.3,318.5,275.4
2009,"April","North",299.5,1756.2,2126.1,2127.1,0,2126.1,2127.1,1827.6
2009,"May","North",268.9,1050.4,1203.7,1206.2,0,1203.7,1206.2,937.3
2009,"June","North",380.3,1849.9,1902.4,1904.3,0,1902.4,1904.3,1524
2009,"July","North",115,1933.5,1990.8,1990.9,0,1990.8,1990.9,1875.9
2009,"August","North",1041.6,3592.8,3595,3597.6,0.84,3595.84,3598.44,2556.84
2009,"September","North",1249.5,2088.3,2095.4,2102.4,0.14,2095.54,2102.54,853.04
2009,"October","North",639.2,1652.5,1654.3,1654.3,0,1654.3,1654.3,1015.1
2009,"November","North",217,958.1,959.7,960,0.71,960.41,960.71,743.71
2009,"December","North",169.525,736.375,768.425,768.7,0.5325,768.9575,769.2325,599.7075
2010,"January","North",122.05,514.65,577.15,577.4,0.355,577.505,577.755,455.705
2010,"February","North",74.575,292.925,385.875,386.1,0.1775,386.0525,386.2775,311.7025
2010,"March","North",27.1,71.2,194.6,194.8,0,194.6,194.8,167.7
2010,"April","North",115.6,208.9,231.7,232,0,231.7,232,116.4
2010,"May","North",543.1,3403.2,3479.6,3481.3,0,3479.6,3481.3,2938.2
2010,"June","North",105,8398.9,8487.9,8489.1,0.02,8487.92,8489.12,8384.12
2010,"July","North",892,5928.2,5950.7,5954.3,6.28,5956.98,5960.58,5068.58
2010,"August","North",4930.8,8371.3,8379.3,8408.9,0.01,8379.31,8408.91,3478.11
2010,"September","North",1226.9,3487.1,3496.4,3498.2,1.47,3497.87,3499.67,2272.77
2010,"October","North",574.4,2006,2006.7,2010.6,0.17,2006.87,2010.77,1436.37
2010,"November","North",263.5,1042.2,1042.9,1043.3,0,1042.9,1043.3,779.8
2010,"December","North",207.225,805.175,862.875,864.175,0,862.875,864.175,656.95
2011,"January","North",150.95,568.15,682.85,685.05,0,682.85,685.05,534.1
2011,"February","North",94.675,331.125,502.825,505.925,0,502.825,505.925,411.25
2011,"March","North",38.4,94.1,322.8,326.8,0,322.8,326.8,288.4
2011,"April","North",179.7,377.5,2408.8,2422.6,0,2408.8,2422.6,2242.9
2011,"May","North",127.4,179.2,446.9,448.6,0,446.9,448.6,321.2
2011,"June","North",186.1,582.4,856.8,865.3,0.04,856.84,865.34,679.24
2011,"July","North",237.5,1116.1,1316.2,1320.9,0.19,1316.39,1321.09,1083.59
2011,"August","North",6719.3,8356.9,8381.1,8404,0,8381.1,8404,1684.7
2011,"September","North",1041.9,1619.1,1675.8,1712.6,0,1675.8,1712.6,670.7
2011,"October","North",839.05,1944.45,1994.2,2104.4,0.09,1994.29,2104.49,1265.44
2011,"November","North",636.2,2269.8,2312.6,2496.2,0.18,2312.78,2496.38,1860.18
2011,"December","North",619.4,1898.725,1957.75,2096.925,0.135,1957.885,2097.06,1477.66
2012,"January","North",602.6,1527.65,1602.9,1697.65,0.09,1602.99,1697.74,1095.14
2012,"February","North",585.8,1156.575,1248.05,1298.375,0.045,1248.095,1298.42,712.62
2012,"March","North",569,785.5,893.2,899.1,0,893.2,899.1,330.1
2012,"April","North",45.5,117.4,258.4,258.4,0,258.4,258.4,212.9
2012,"May","North",511.9,8836.5,9134,9135.1,0.02,9134.02,9135.12,8623.22
2012,"June","North",482.1,13555.8,13566.5,13567.2,2.7,13569.2,13569.9,13087.8
2012,"July","North",564.9,4230.1,4251.2,4252.3,0,4251.2,4252.3,3687.4
2012,"August","North",2126.8,3252.6,3278.3,3282,0,3278.3,3282,1155.2
2012,"September","North",6570.9,11347.4,11380.3,11381.9,5.12,11385.42,11387.02,4816.12
2012,"October","North",759.6,1968.3,1988.1,2000.3,1.27,1989.37,2001.57,1241.97
2012,"November","North",250.4,3137.9,3137.9,3139.1,1.79,3139.69,3140.89,2890.49
2012,"December","North",409.6,2667.175,2751.35,2752.875,1.3425,2752.6925,2754.2175,2344.6175
2013,"January","North",568.8,2196.45,2364.8,2366.65,0.895,2365.695,2367.545,1798.745
2013,"February","North",728,1725.725,1978.25,1980.425,0.4475,1978.6975,1980.8725,1252.8725
2013,"March","North",887.2,1255,1591.7,1594.2,0,1591.7,1594.2,707
2013,"April","North",3839.5,6706.2,6724,6735.4,0.82,6724.82,6736.22,2896.72
2013,"May","North",446.6,4810.6,4828.8,4828.8,1.01,4829.81,4829.81,4383.21
2013,"June","North",415.1,3854.9,3860,3860.5,3.37,3863.37,3863.87,3448.77
2013,"July","North",825.3,1745.2,1750.8,1751,0.01,1750.81,1751.01,925.71
2013,"August","North",3033.4,4021,4034.9,4036.4,0,4034.9,4036.4,1003
2013,"September","North",755.3,2513.9,2515.6,2516.4,0.02,2515.62,2516.42,1761.12
2013,"October","North",678.6,2108.8,2108.8,2109.2,0.14,2108.94,2109.34,1430.74
2013,"November","North",399,1539.2,1539.2,1539.2,0,1539.2,1539.2,1140.2
2013,"December","North",325,1229.375,1258.5,1258.55,0,1258.5,1258.55,933.55
2014,"January","North",251,919.55,977.8,977.9,0,977.8,977.9,726.9
2014,"February","North",177,609.725,697.1,697.25,0,697.1,697.25,520.25
2014,"March","North",103,299.9,416.4,416.6,0,416.4,416.6,313.6
2014,"April","North",438.9,789,871.9,874.8,0,871.9,874.8,435.9
2014,"May","North",1449.2,3332.9,3332.9,3334.7,2.9,3335.8,3337.6,1888.4
2014,"June","North",232.3,2189.3,2190.4,2191.6,0.72,2191.12,2192.32,1960.02
2014,"July","North",243,1999.5,2001.2,2002,3.75,2004.95,2005.75,1762.75
2014,"August","North",283.3,2093.3,2098.9,2098.9,6.07,2104.97,2104.97,1821.67
2014,"September","North",996.6,3955.4,3962.2,3962.4,0.15,3962.35,3962.55,2965.95
2014,"October","North",908.8,5983.8,6045.3,6048.3,4.71,6050.01,6053.01,5144.21
2014,"November","North",224.7,2616.9,2616.9,2616.9,0.05,2616.95,2616.95,2392.25
2014,"December","North",190.025,2032.125,2036.2,2036.3,0.0575,2036.2575,2036.3575,1846.3325
2015,"January","North",155.35,1447.35,1455.5,1455.7,0.065,1455.565,1455.765,1300.415
2015,"February","North",120.675,862.575,874.8,875.1,0.0725,874.8725,875.1725,754.4975
2015,"March","North",86,277.8,294.1,294.5,0.08,294.18,294.58,208.58
2015,"April","North",345,2261.1,2261.1,2261.8,8.92,2270.02,2270.72,1925.72
2015,"May","North",213.9,3020.4,3022.1,3022.4,3.05,3025.15,3025.45,2811.55
2015,"June","North",568.5,3864.8,3864.8,3865,0.47,3865.27,3865.47,3296.97
2015,"July","North",207,1577.1,1577.1,1577.6,1.95,1579.05,1579.55,1372.55
2015,"August","North",196.7,1040.3,1040.3,1040.75,1.835,1042.135,1042.585,845.885
2015,"September","North",186.4,503.5,503.5,503.9,1.72,505.22,505.62,319.22
2015,"October","North",302.2,936.6,936.6,937.1,0.86,937.46,937.96,635.76
2015,"November","North",117.7,655.8,655.8,655.8,0.51,656.31,656.31,538.61
2015,"December","North",1074.175,1606.325,1686.975,1691.475,0.385,1687.36,1691.86,617.685
2016,"January","North",2030.65,2556.85,2718.15,2727.15,0.26,2718.41,2727.41,696.76
2016,"February","North",2987.125,3507.375,3749.325,3762.825,0.135,3749.46,3762.96,775.835
2016,"March","North",3943.6,4457.9,4780.5,4798.5,0.01,4780.51,4798.51,854.91
2016,"April","North",873.3,2618.2,3035.5,3094.2,0,3035.5,3094.2,2220.9
2016,"May","North",2975.9,1519.5,3461.4,4917.8,0.01,3461.41,4917.81,1941.91
2016,"June","North",1865.4,15633.1,17087.8,17104.5,18.72,17106.52,17123.22,15257.82
2016,"July","North",5223,25885.2,26628.4,26659.9,1.5,26629.9,26661.4,21438.4
2016,"August","North",3369.35,15223.7,15596.8,15613.45,0,15600.065,15616.715,12247.365
2016,"September","North",1515.7,4562.2,4565.2,4567,5.03,4570.23,4572.03,3056.33
2016,"October","North",111.4,1003.1,1006.2,1008.1,1.8,1008,1009.9,898.5
2016,"November","North",36,1361.1,1364,1365.7,13.24,1377.24,1378.94,1342.94
2016,"December","North",130.975,1214.45,1315.3,1318.1,9.9325,1325.2325,1328.0325,1197.0575
2017,"January","North",225.95,1067.8,1266.6,1270.5,6.625,1273.225,1277.125,1051.175
2017,"February","North",320.925,921.15,1217.9,1222.9,3.3175,1221.2175,1226.2175,905.2925
2017,"March","North",415.9,774.5,1169.2,1175.3,0.01,1169.21,1175.31,759.41
2017,"April","North",80.6,559.6,1477.4,1483.1,0,1477.4,1483.1,1402.5
2017,"May","North",387.1,3179.8,13965.9,13972.9,0,13965.9,13972.9,13585.8
2017,"June","North",2007.6,2905.8,5273.5,5375.5,0.01,5273.51,5375.51,3367.91
2017,"July","North",23243.7,28885.2,32773.6,36260.4,1.72,32775.32,36262.12,13018.42
2017,"August","North",2073.4,6624.1,6624.1,6625.3,14.89,6638.99,6640.19,4566.79
2017,"September","North",4929.6,5866.4,5910.5,5932.3,0,5910.5,5932.3,1002.7
2017,"October","North",5200.9,7042.7,7072.9,7136.6,0,7072.9,7136.6,1935.7
2017,"November","North",5377.2,11000.5,11012.3,11023.4,0.02,11012.32,11023.42,5646.22
2017,"December","North",4179.125,8421.575,8472.825,8481.9,0.015,8472.84,8481.915,4302.79
2018,"January","North",2981.05,5842.65,5933.35,5940.4,0.01,5933.36,5940.41,2959.36
2018,"February","North",1782.975,3263.725,3393.875,3398.9,0.005,3393.88,3398.905,1615.93
2018,"March","North",584.9,684.8,854.4,857.4,0,854.4,857.4,272.5
2018,"April","North",87.8,214.7,818.8,819.1,0,818.8,819.1,731.3
2018,"May","North",8550.7,10394.2,10683.2,10862,0,10683.2,10862,2311.3
2018,"June","North",4674.9,10486.3,10715.7,10785.8,0,10715.7,10785.8,6110.9
2018,"July","North",207,1907.6,1907.6,1908.3,7.31,1914.91,1915.61,1708.61
2018,"August","North",142.3,940.1,940.1,940.1,4.22,944.32,944.32,802.02
2018,"September","North",1431.8,2442,2442,2443.2,1.4,2443.4,2444.6,1012.8
2018,"October","North",85.5,1392.5,1394.9,1394.9,3.23,1398.13,1398.13,1312.63
2018,"November","North",59.9,762.4,762.4,762.6,0,762.4,762.6,702.7
2018,"December","North",53.475,590.775,842.3,842.55,0,842.3,842.55,789.075
2019,"January","North",47.05,419.15,922.2,922.5,0,922.2,922.5,875.45
2019,"February","North",40.625,247.525,1002.1,1002.45,0,1002.1,1002.45,961.825
2019,"March","North",34.2,75.9,1082,1082.4,0,1082,1082.4,1048.2
2019,"April","North",26.5,168.8,1804.5,1807.1,0,1804.5,1807.1,1780.6
2019,"May","North",462.1,987.4,1848.1,1865.1,0,1848.1,1865.1,1403
2019,"June","North",581.5,1391.9,2581.3,2598.4,0.03,2581.33,2598.43,2016.93
2019,"July","North",2281.5,7550.8,7601.2,7611.5,0.17,7601.37,7611.67,5330.17
2019,"August","North",1193.6,1440,1445.4,1445.4,0,1445.4,1445.4,251.8
2019,"September","North",2127,3528.4,3607.2,3608.5,0,3607.2,3608.5,1481.5
2019,"October","North",1092.6,1381.5,1468.1,1483.6,0,1468.1,1483.6,391
2019,"November","North",1619,4859,4878.6,4896,0,4878.6,4896,3277
2019,"December","North",NA,NA,NA,NA,NA,NA,NA,NA
1974,"January","South",NA,NA,NA,NA,NA,NA,NA,NA
1974,"February","South",NA,NA,NA,NA,NA,NA,NA,NA
1974,"March","South",80.7,839.2,1139.2,1205.2,1.11,1144.17,1205.82,1118.27
1974,"April","South",158.5,177.95,4322.9,4344.85,0.88,4325.635,4347.585,4197.535
1974,"May","South",335.6,2169.85,46314.45,46541.05,4.485,46318.665,46545.265,44984.365
1974,"June","South",912.1,1842.15,21966.55,21991.05,10.555,21971.415,21995.915,21574.815
1974,"July","South",1210.85,2400.15,11359.35,11419.55,2.735,11378.475,11438.675,8992.725
1974,"August","South",1021.4,2011.15,8140.5,8227.35,0.345,8142.04,8228.89,6947.59
1974,"September","South",522.75,1033.1,12398.6,12477.25,0.045,12398.715,12477.365,11716.715
1974,"October","South",460.75,1212.6,15525,15691.3,0.08,15526.105,15692.405,14216.305
1974,"November","South",94.1,315.35,2724,2728,0.035,2724.23,2728.23,2634.13
1974,"December","South",93.5625,370.775,2291.925,2295.2625,0.11375,2292.3375,2295.675,2201.875
1975,"January","South",93.025,426.2,1859.85,1862.525,0.1925,1860.445,1863.12,1769.62
1975,"February","South",92.4875,481.625,1427.775,1429.7875,0.27125,1428.5525,1430.565,1337.365
1975,"March","South",91.95,537.05,995.7,997.05,0.35,996.66,998.01,905.11
1975,"April","South",37.6,573.8,2125.65,2125.65,0.09,2125.68,2125.68,2002.01
1975,"May","South",62.1,1443,9468.6,9483.1,0.21,9469.69,9484.19,9469.69
1975,"June","South",389.1,700.4,20663.3,20670.3,0.95,20664.44,20671.44,20488.44
1975,"July","South",1520.2,1937.55,3909,3938.95,0.32,3909.18,3939.13,2884.68
1975,"August","South",1294.65,2344.5,10540.9,10627.15,0.145,10540.905,10627.155,8743.605
1975,"September","South",1019.05,1366,9540.5,9621.9,0.045,9540.545,9621.945,7986.995
1975,"October","South",200.7,475.1,5304.7,5333.2,0.07,5304.79,5333.29,5182.69
1975,"November","South",154,144.6,2920.2,2925.4,0.005,2920.205,2925.405,2767.155
1975,"December","South",216.675,999.55,3214.025,3217.925,0.04625,3214.09125,3217.99125,2472.25375
1976,"January","South",279.35,1854.5,3507.85,3510.45,0.0875,3507.9775,3510.5775,2177.3525
1976,"February","South",342.025,2709.45,3801.675,3802.975,0.12875,3801.86375,3803.16375,1882.45125
1976,"March","South",404.7,3564.4,4095.5,4095.5,0.17,4095.75,4095.75,1587.55
1976,"April","South",288.05,2989.45,8941.6,9093.8,0.695,8943.59,9095.79,7993.23
1976,"May","South",1540.6,5315.05,43323.05,43513.55,1.17,43323.795,43514.295,41834.195
1976,"June","South",1297.6,5205.2,5978.8,6221.8,1.06,5979.8,6222.06,4153.7
1976,"July","South",1520.5,3650.4,5611.4,5708.4,0.25,5611.69,5708.69,3492.05
1976,"August","South",527.3,738.9,3177.3,3208.75,0.06,3177.7,3209.15,2508.04
1976,"September","South",337.25,377.05,3125.45,3136.85,0.02,3125.525,3136.925,2475.55
1976,"October","South",339.15,382.35,6318.25,6353.3,0.075,6318.385,6353.435,5225.205
1976,"November","South",443.8,424.9,3502.8,3505.4,0.04,3502.96,3505.56,2238.14
1976,"December","South",546.0375,585.0125,2931.8,2943.8375,0.345,2932.24875,2944.1175,1874.18375
1977,"January","South",648.275,745.125,2360.8,2382.275,0.65,2361.5375,2382.675,1510.2275
1977,"February","South",750.5125,905.2375,1789.8,1820.7125,0.955,1790.82625,1821.2325,1146.27125
1977,"March","South",852.75,1065.35,1218.8,1259.15,1.26,1220.115,1259.79,782.315
1977,"April","South",597.55,1133.6,5717.25,5792.7,0.71,5717.655,5793.105,4097.87
1977,"May","South",1120.55,2308.15,4693.75,4723.2,0.63,4693.865,4723.315,3216.815
1977,"June","South",1631.45,4189.9,5348.25,5376.25,0.535,5348.385,5376.385,4166.395
1977,"July","South",1973.7,3039.3,6309.4,6326.2,0.06,6309.42,6326.22,4352.52
1977,"August","South",2813.05,4320.2,9352.35,9439.75,0.035,9352.65,9440.05,7463.11
1977,"September","South",1258.35,2438.25,17876.3,18636,0.035,17876.3,18636,14759.75
1977,"October","South",2659.55,3646.65,10434.6,10590,0.095,10434.6,10590,7324.95
1977,"November","South",1232,2186.4,3423.35,3438.3,0.04,3423.39,3438.34,2206.34
1977,"December","South",936.85,1654.1875,2753.2875,2766.3,0.05125,2753.37375,2766.38625,1825.43625
1978,"January","South",641.7,1121.975,2083.225,2094.3,0.0625,2083.3575,2094.4325,1444.5325
1978,"February","South",346.55,589.7625,1413.1625,1422.3,0.07375,1413.34125,1422.47875,1063.62875
1978,"March","South",51.4,57.55,743.1,750.3,0.085,743.325,750.525,682.725
1978,"April","South",82.4,170.6,2850.4,2850.4,0.055,2850.4,2850.4,2818.4
1978,"May","South",111.3,89.9,1000.15,1005.25,0.49,1036.53,1036.53,1036.53
1978,"June","South",651.05,727.4,2742.35,2752.9,0.92,2746.26,2756.81,1771.41
1978,"July","South",1250.5,1457.6,4416.6,4448.05,0.29,4417.285,4448.735,3434.335
1978,"August","South",713.2,584.3,4840.8,4876.8,0.05,4841.05,4877.05,3966.61
1978,"September","South",374.15,672.65,2525.2,2564.55,0.035,2525.355,2564.705,1697.115
1978,"October","South",329.35,454.8,4753.05,4773.25,0,4753.05,4773.25,4387.6
1978,"November","South",66.9,197.4,1505.2,1513.4,0.02,1505.2,1513.4,1099.5
1978,"December","South",63.3375,196.8875,1418.625,1426.4125,0.04875,1418.68375,1426.47125,1105.07125
1979,"January","South",59.775,196.375,1332.05,1339.425,0.0775,1332.1675,1339.5425,1110.6425
1979,"February","South",56.2125,195.8625,1245.475,1252.4375,0.10625,1245.65125,1252.61375,1116.21375
1979,"March","South",52.65,195.35,1158.9,1165.45,0.135,1159.135,1165.685,1121.785
1979,"April","South",98.55,496.35,2710.25,2716.1,0.16,2710.38,2716.23,2502.68
1979,"May","South",848.55,3480.4,4892.1,4908.45,1.81,4892.56,4908.91,4107.81
1979,"June","South",1454.2,10247.9,17404,17413.2,0.42,17404.42,17413.62,14074.59
1979,"July","South",1318.9,12666.2,18225.5,18228.05,0.3,18226.315,18228.865,16432.265
1979,"August","South",3399.3,9196.55,11295.2,11376.45,0.06,11295.24,11376.49,9129.46
1979,"September","South",6631.8,14530.2,19118,19125.4,0.01,19118.04,19125.44,15945.94
1979,"October","South",2546.5,7750.45,10311.85,10353.6,0.01,10311.895,10353.645,6349.05
1979,"November","South",1101.6,2069.1,3391.1,3400.7,0.03,3391.48,3401.08,3304.78
1979,"December","South",992.35,1963.0625,3467.0125,3494.4375,0.065,3467.34125,3494.76625,3082.15375
1980,"January","South",883.1,1857.025,3542.925,3588.175,0.1,3543.2025,3588.4525,2859.5275
1980,"February","South",773.85,1750.9875,3618.8375,3681.9125,0.135,3619.06375,3682.13875,2636.90125
1980,"March","South",664.6,1644.95,3694.75,3775.65,0.17,3694.925,3775.825,2414.275
1980,"April","South",672.9,3178.4,20425.05,20512.4,0.51,20426.715,20514.065,17476.51
1980,"May","South",723.75,4086.85,27401.7,27416.3,1.835,27405.385,27419.985,26808.685
1980,"June","South",2044.7,7222.2,14243.8,14258.8,2.22,14245.195,14260.195,12483.645
1980,"July","South",1245,7166.9,8014.3,8049.5,0.36,8014.32,8049.52,6959.12
1980,"August","South",2633.5,9278.9,16987.5,17158,0.005,19989.2,20082.75,12052.2
1980,"September","South",1603.9,3982.8,8168.8,8388.2,0.165,8169.725,8389.125,6808.325
1980,"October","South",666.3,3846.6,6769.75,6818.15,0.11,6769.9,6818.3,5843.25
1980,"November","South",721.15,3271.8,4595.05,4631.85,0.38,4595.705,4632.505,4225.455
1980,"December","South",563.2625,2489.575,3578.6125,3607.9875,0.39625,3579.43375,3608.80875,3254.42125
1981,"January","South",405.375,1707.35,2562.175,2584.125,0.4125,2563.1625,2585.1125,2283.3875
1981,"February","South",247.4875,925.125,1545.7375,1560.2625,0.42875,1546.89125,1561.41625,1312.35375
1981,"March","South",89.6,142.9,529.3,536.4,0.445,530.62,537.72,341.32
1981,"April","South",811.35,2768.6,3928.95,4003,0.54,3929.05,4003.1,3023.49
1981,"May","South",1231.8,2883.1,10097.8,10108.55,2.165,10109.05,10119.8,8775.2
1981,"June","South",1735.45,4258.6,6564.55,6612.05,0.75,6564.945,6612.445,4876.995
1981,"July","South",1317.85,5607.4,5930.05,5944.6,0.205,5930.08,5944.63,4677.96
1981,"August","South",1779,2061.5,3148.2,3158.5,0.01,3148.2,3158.5,1379.5
1981,"September","South",1476.4,2429.95,3698,3743.75,0.06,3698,3743.75,2467.295
1981,"October","South",756.2,1922.8,2889.25,2897.55,0,2889.35,2897.65,2183.96
1981,"November","South",545.6,809.7,1328.1,1358.7,0.33,1328.1,1358.7,937.41
1981,"December","South",427.125,638.7,1065.225,1089.45,0.26,1065.3,1089.45,759.9825
1982,"January","South",308.65,467.7,802.35,820.2,0.19,802.5,820.2,582.555
1982,"February","South",190.175,296.7,539.475,550.95,0.12,539.7,550.95,405.1275
1982,"March","South",71.7,125.7,276.6,281.7,0.05,276.9,281.7,227.7
1982,"April","South",72.35,157.25,737.5,739.1,0.02,737.545,739.145,678.47
1982,"May","South",199.05,571.35,1787.85,1792.95,0.19,1788.225,1793.325,1578.43
1982,"June","South",428.95,3014.8,5286,5311.8,0.9,5286.505,5312.305,3882.025
1982,"July","South",1047.5,3959.7,8000.15,8021.85,1.935,8008.24,8029.94,6360.27
1982,"August","South",1239,5748.2,10269,10275.1,0.8,10270.53,10276.63,10179.63
1982,"September","South",417,2508.4,5703.35,5754.3,0.1,5706.415,5757.365,5278.915
1982,"October","South",397.65,1896.2,2931.3,2963.45,0.02,2931.37,2963.52,2497.97
1982,"November","South",75.3,854.7,1250.85,1253.45,0.19,1251.22,1253.82,1178.52
1982,"December","South",72.2875,703.2375,1120.4375,1122.8625,0.1425,1120.725,1123.15,1056.8125
1983,"January","South",69.275,551.775,990.025,992.275,0.095,990.23,992.48,935.105
1983,"February","South",66.2625,400.3125,859.6125,861.6875,0.0475,859.735,861.81,813.3975
1983,"March","South",63.25,248.85,729.2,731.1,0,729.24,731.14,691.69
1983,"April","South",65.55,400.05,633.25,633.25,0,633.25,633.25,577.05
1983,"May","South",69.25,372.85,1293.5,1294.6,0,1293.83,1294.93,1258.83
1983,"June","South",72.3,396.9,2448.1,2449.8,0.04,2449.6,2451.3,2423.9
1983,"July","South",117.5,292.8,462.65,464.15,0.375,463.22,464.72,393.77
1983,"August","South",851.8,3194.15,5532.2,5544.1,0.07,5532.335,5544.235,4253.285
1983,"September","South",522.6,1695.5,3553.8,3557.65,0.03,3553.895,3557.745,3020.445
1983,"October","South",138.6,401.9,658.4,661.35,0.01,658.41,661.36,497.105
1983,"November","South",82.2,444.7,615.1,615.5,0.05,615.19,615.59,576.09
1983,"December","South",80.55,413.525,552.3125,552.9375,0.0875,547.5375,548.4125,509.5375
1984,"January","South",78.9,382.35,489.525,490.375,0.125,479.885,481.235,442.985
1984,"February","South",77.25,351.175,426.7375,427.8125,0.1625,412.2325,414.0575,376.4325
1984,"March","South",75.6,320,363.95,365.25,0.2,344.58,346.88,309.88
1984,"April","South",235.4,1421.65,1842.1,1844.35,0.04,1809.64,1810.84,1476.24
1984,"May","South",685.2,5762.85,9264.2,9268.8,1.635,9286.42,9291.02,8239.52
1984,"June","South",586.7,10010.25,19662.1,19719.7,14.305,19671.825,19729.425,18124.725
1984,"July","South",2834.7,10517.2,15488.2,15500,0.07,15488.2,15500,10997.2
1984,"August","South",2188.6,7326.7,14103,14444.9,0,14103,14444.9,12950.5
1984,"September","South",2214.7,6376,12251.8,12771.6,0,12251.81,12771.61,10556.91
1984,"October","South",359.3,3263.4,8283.55,8320.45,0.01,8007.4,8073.7,5156.8
1984,"November","South",179.1,1663.3,3301.9,3310,0.03,3302.08,3310.18,3131.08
1984,"December","South",197.1875,1472.525,2789.7,2796.5625,0.025,2793.5725,2800.9475,2538.9625
1985,"January","South",215.275,1281.75,2277.5,2283.125,0.02,2285.065,2291.715,1946.845
1985,"February","South",233.3625,1090.975,1765.3,1769.6875,0.015,1776.5575,1782.4825,1354.7275
1985,"March","South",251.45,900.2,1253.1,1256.25,0.01,1268.05,1273.25,762.61
1985,"April","South",771.3,3048.5,7110.9,7131.9,0.06,7110.9,7131.9,6885.8
1985,"May","South",301,2402.5,16119.2,16162.6,2.24,16119.36,16162.76,15468.66
1985,"June","South",473.5,5298.85,8288,8324.9,5.36,6640.18,6653.28,6000.08
1985,"July","South",1581.1,8779.2,10191.7,10205.8,0.26,10192.15,10206.25,8565.25
1985,"August","South",417.9,3306.1,8061.8,8072.6,0.03,8062.12,8072.92,7172.92
1985,"September","South",1210.2,5214.3,11064.8,11090.5,0,11064.8,11090.5,8508.95
1985,"October","South",1079.9,4725.5,6252,6316.5,0,6252.15,6316.65,5236.75
1985,"November","South",458.75,2367.2,2384.05,2394.8,0.07,2384.355,2395.105,1936.355
1985,"December","South",373.7125,1834.425,1885.5875,1893.75,0.0525,1885.81625,1893.97875,1520.26625
1986,"January","South",288.675,1301.65,1387.125,1392.7,0.035,1387.2775,1392.8525,1104.1775
1986,"February","South",203.6375,768.875,888.6625,891.65,0.0175,888.73875,891.72625,688.08875
1986,"March","South",118.6,236.1,390.2,390.6,0,390.2,390.6,272
1986,"April","South",415,1074.45,2057.2,2057.45,0.375,2057.955,2058.205,1599.205
1986,"May","South",851.8,4305.75,6229.55,6232.4,0.95,6233.5,6236.35,5553.75
1986,"June","South",766.8,12776.1,24969.45,25233.4,7.925,24990.13,25254.08,24136.13
1986,"July","South",1751.6,6097.15,15492.05,15748.7,4.475,15492.135,15749.26,10114.485
1986,"August","South",1123.3,5179.1,12808.3,12911.1,2.02,10142.42,10238.17,9074.12
1986,"September","South",606.9,2254.05,3533.9,3534.65,0.245,3534.48,3535.23,3304.83
1986,"October","South",678.05,2966.2,3779.95,3781,0.1,3780.06,3781.11,2965.56
1986,"November","South",991.8,1754.6,2686.5,2691.2,0.02,2686.52,2691.22,1540.12
1986,"December","South",807.4625,1523.75,2319.9875,2323.5875,0.09625,2320.005,2323.605,1393.4175
1987,"January","South",623.125,1292.9,1953.475,1955.975,0.1725,1953.49,1955.99,1246.715
1987,"February","South",438.7875,1062.05,1586.9625,1588.3625,0.24875,1586.975,1588.375,1100.0125
1987,"March","South",254.45,831.2,1220.45,1220.75,0.325,1220.46,1220.76,953.31
1987,"April","South",981.5,2466.6,2918.45,2954.35,0.315,2918.64,2954.54,1667.84
1987,"May","South",4765.95,18917.35,35554.15,35578.45,0.82,35555.02,35579.32,30156.47
1987,"June","South",1491.9,10581.45,18391.4,18409.9,0.465,18391.645,18410.145,16669.045
1987,"July","South",1726.55,4482.8,5286.2,5289.95,0.045,5286.215,5289.965,3681.21
1987,"August","South",1556,4124.1,6589.9,6636.25,0.1,6590.245,6636.595,5593.345
1987,"September","South",1349.95,3356.6,4779.5,4891.3,0.12,4779.64,4891.44,3724.32
1987,"October","South",1342.25,3756.4,3977.35,3977.35,0.005,3977.365,3977.365,2728.565
1987,"November","South",654.2,1583.8,1593.7,1603,0,1593.7,1603,1018.1
1987,"December","South",551.5,1313.175,1391.125,1402.9,0.0175,1391.125,1402.9,903.375
1988,"January","South",448.8,1042.55,1188.55,1202.8,0.035,1188.55,1202.8,788.65
1988,"February","South",346.1,771.925,985.975,1002.7,0.0525,985.975,1002.7,673.925
1988,"March","South",243.4,501.3,783.4,802.6,0.07,783.4,802.6,559.2
1988,"April","South",347.65,1189.6,2288.1,2300.1,0.11,2288.125,2300.125,1952.475
1988,"May","South",842.35,2252.7,4523.95,4583.6,1.375,4524.545,4584.195,3778.545
1988,"June","South",325.55,2471.2,3001.05,3026,3.425,3005.99,3030.94,2881.24
1988,"July","South",3523.175,6831.8,8873.1,8925.325,1.7175,8875.5725,8927.7975,5511.8475
1988,"August","South",6720.8,11192.4,14745.15,14824.65,0.01,14745.155,14824.655,8142.455
1988,"September","South",3922.65,6531.65,10678.5,10805.15,0,10678.5,10805.15,5989.2
1988,"October","South",4312.15,8481.5,8783.35,8791.75,0,8783.4,8791.8,3792.61
1988,"November","South",2815.75,4636.85,5560.9,5569.6,0.04,5560.94,5569.64,2753.89
1988,"December","South",2173.2125,3577.8125,4317.55,4329.025,0.0475,4317.5975,4329.0725,2157.4875
1989,"January","South",1530.675,2518.775,3074.2,3088.45,0.055,3074.255,3088.505,1561.085
1989,"February","South",888.1375,1459.7375,1830.85,1847.875,0.0625,1830.9125,1847.9375,964.6825
1989,"March","South",245.6,400.7,587.5,607.3,0.07,587.57,607.37,368.28
1989,"April","South",864.05,1659.4,2022.7,2033.05,0.16,2022.715,2033.065,1369.32
1989,"May","South",2905.5,9096.1,14191,14262.4,0.705,14193.09,14264.49,11790.94
1989,"June","South",2130.75,13328.8,15525.9,15664.25,2.57,15528.86,15667.21,13507.27
1989,"July","South",7441,12189.9,12405.4,12415,0.02,12405.4,12415,5707.84
1989,"August","South",7310.15,15581.05,17208.9,17215.7,0,17208.905,17215.705,8021.25
1989,"September","South",10287.3,18559,23998.65,24093.8,0,23998.65,24093.8,9789.55
1989,"October","South",8140.5,9477.65,12891.7,13029.1,0.005,12891.79,13029.19,5206.325
1989,"November","South",1532.5,1779.3,1816.1,1823.4,0,1816.1,1823.4,719.5
1989,"December","South",1177.8,1377.075,1406.675,1413.925,0,1406.675,1413.925,564.425
1990,"January","South",823.1,974.85,997.25,1004.45,0,997.25,1004.45,409.35
1990,"February","South",468.4,572.625,587.825,594.975,0,587.825,594.975,254.275
1990,"March","South",113.7,170.4,178.4,185.5,0,178.4,185.5,99.2
1990,"April","South",1000.3,1650.1,1892.3,1927.6,0,1892.305,1927.605,1027.955
1990,"May","South",1439.4,7894.65,9912.85,10044.8,0.32,9913.895,10045.845,8491.295
1990,"June","South",5567.2,14108.7,19531.5,19931.8,0.15,19531.52,19931.82,10039.12
1990,"July","South",7185.6,15322.7,17101.6,17116.65,0,17101.6,17116.65,9978.055
1990,"August","South",5075,11004.25,12891.75,13018.35,0,12891.75,13018.35,5913
1990,"September","South",5156.8,8968.4,11676.3,11851.5,0,11676.3,11851.5,7023.3
1990,"October","South",4419.75,6640,8823.1,8926.55,0,8823.1,8926.55,4313
1990,"November","South",2273.7,3525.6,3816.4,3832.2,0,3816.4,3832.2,1862.9
1990,"December","South",1832.34,2855.85,3122.69,3135.59,0.006,3122.691,3135.591,1546.771
1991,"January","South",1390.98,2186.1,2428.98,2438.98,0.012,2428.982,2438.982,1230.642
1991,"February","South",949.62,1516.35,1735.27,1742.37,0.018,1735.273,1742.373,914.513
1991,"March","South",508.26,846.6,1041.56,1045.76,0.024,1041.564,1045.764,598.384
1991,"April","South",66.9,176.85,347.85,349.15,0.03,347.855,349.155,282.255
1991,"May","South",1246.4,2441.2,4035.7,4045.6,0.14,4035.7,4045.6,2799.2
1991,"June","South",6070.5,16789.3,21623.2,21633.6,0.36,21624.94,21635.74,15002.58
1991,"July","South",6796.45,13587.1,14744.85,14746.55,0.005,14744.855,14746.555,6437.515
1991,"August","South",10021.3,19990.4,25352.4,25478.5,0.01,25352.4,25478.5,14193.7
1991,"September","South",6014.85,12464.55,15398,15406.35,0,18876.02,18887.22,7331.1
1991,"October","South",4399.75,7519.5,9869.2,9870.3,0,9869.205,9870.305,4142
1991,"November","South",2356.95,4569.9,4633.9,4647.4,0,4633.9,4647.4,2424.85
1991,"December","South",1817.2375,3543.15,3601.825,3615.45,0,3601.825,3615.45,1908.0775
1992,"January","South",1277.525,2516.4,2569.75,2583.5,0,2569.75,2583.5,1391.305
1992,"February","South",737.8125,1489.65,1537.675,1551.55,0,1537.675,1551.55,874.5325
1992,"March","South",198.1,462.9,505.6,519.6,0,505.6,519.6,357.76
1992,"April","South",3885.25,7007.6,8261.85,8363.4,0.01,8261.86,8363.41,4935.42
1992,"May","South",7386.25,28926.6,53723.4,55299.55,0.045,53723.42,55299.57,46304.125
1992,"June","South",4970.6,14233.6,14476.9,14703.3,0.19,14476.92,14703.32,9118.57
1992,"July","South",7189.1,11956.8,12932.9,12945.8,0,12932.9,12945.8,7123.8
1992,"August","South",4682.8,10766.8,14943.3,14952.6,0,14943.3,14952.6,7487.3
1992,"September","South",8625.65,12644.95,13328.9,13441.75,0,13328.9,13441.75,6279.25
1992,"October","South",10543.5,15998.7,16396.4,16684,0,16396.4,16684,7703.3
1992,"November","South",2705.5,4333.2,4355.6,4447.1,0,4355.6,4447.1,1803.8
1992,"December","South",2057.0375,3392.2375,3497.45,3566.4,0,3497.4575,3566.4075,1549.62
1993,"January","South",1408.575,2451.275,2639.3,2685.7,0,2639.315,2685.715,1295.44
1993,"February","South",760.1125,1510.3125,1781.15,1805,0,1781.1725,1805.0225,1041.26
1993,"March","South",111.65,569.35,923,924.3,0,923.03,924.33,787.08
1993,"April","South",820.8,2213,4551.1,4589.8,0.01,4551.1,4589.8,2515.3
1993,"May","South",3619.8,13820.65,20393.5,20699.9,0,20479,20793.1,17578.9
1993,"June","South",5250.85,16612.45,21872.65,21896.5,0.07,82282.01,82387.61,72864.81
1993,"July","South",5631.65,9344.65,11685.85,12019.45,0.06,17406.42,17406.42,11044.82
1993,"August","South",5387.9,7345,7529.45,7658.35,0,7529.45,7658.35,3344.4
1993,"September","South",4615.5,7519.6,7600.9,7663.5,0,7600.9,7663.5,3388.5
1993,"October","South",3268,4475.4,7044.2,7052.1,0,7044.2,7052.1,2864.1
1993,"November","South",3317.3,4952,4985.2,5019.8,0,4985.2,5019.8,1702.5
1993,"December","South",2669.7375,4051.9125,4204.4875,4230.75,0,4519.2,4545.475,1771.75
1994,"January","South",2022.175,3151.825,3423.775,3441.7,0,4053.2,4071.15,1841
1994,"February","South",1374.6125,2251.7375,2643.0625,2652.65,0,3587.2,3596.825,1910.25
1994,"March","South",727.05,1351.65,1862.35,1863.6,0,3121.2,3122.5,1979.5
1994,"April","South",6164.8,12462.3,14240.25,14264.35,0,17904.1,17929.7,9925.9
1994,"May","South",8537,17192.35,23411.9,23531.1,0,24702,24930.9,16016.4
1994,"June","South",3521.2,15079.5,15079.5,15079.5,1.045,20930.68,20977.33,14302.48
1994,"July","South",5295.85,8185.95,8476.2,8492.05,0,8652.4,8677.3,3609.1
1994,"August","South",8487.4,18457.9,20144.75,20423.15,0,26509.8,26980.1,13498.8
1994,"September","South",2779.1,6557.25,7138.1,7182.1,0,7534.9,7579.6,5416.72
1994,"October","South",5023.3,7641.8,7667.4,7678.85,0,8104.6,8124.7,3551.3
1994,"November","South",2644.7,4643.05,4784.8,4824.9,0,4817.3,4852.1,2479.1
1994,"December","South",2027.825,3566.1375,4190.325,4221.175,0,4214.7,4241.575,2317.15
1995,"January","South",1410.95,2489.225,3595.85,3617.45,0,3612.1,3631.05,2155.2
1995,"February","South",794.075,1412.3125,3001.375,3013.725,0,3009.5,3020.525,1993.25
1995,"March","South",177.2,335.4,2406.9,2410,0,2406.9,2410,1831.3
1995,"April","South",542.7,1166.1,2495.9,2495.9,0,2495.9,2495.9,2442.6
1995,"May","South",846.2,2184.7,3790.9,3799.4,0,3790.91,3799.41,2532.5
1995,"June","South",1043.5,1460.4,2364.3,2369.3,0,2364.3,2369.3,1424.2
1995,"July","South",3581.9,12074.45,15323.8,15461.3,0,15323.805,15461.305,11879.405
1995,"August","South",6889.5,13448,13828.9,13838,0,13828.9,13838,3226.5
1995,"September","South",4707.3,7792,7837.5,7847.6,0,7837.5,7847.6,1098.7
1995,"October","South",3198.3,5785.5,5843.2,5885.2,0,5843.2,5885.2,1342.5
1995,"November","South",2865.7,3068.8,3124.2,3157.8,0,3124.2,3157.8,550.8
1995,"December","South",2167,2328.725,2409.525,2434.95,0,2409.525,2434.95,461.975
1996,"January","South",1468.3,1588.65,1694.85,1712.1,0,1694.85,1712.1,373.15
1996,"February","South",769.6,848.575,980.175,989.25,0,980.175,989.25,284.325
1996,"March","South",70.9,108.5,265.5,266.4,0,265.5,266.4,195.5
1996,"April","South",828.7,1682.7,3205.6,3210,0.09,3205.69,3210.09,2783.19
1996,"May","South",3414.5,9124.2,11702.1,11739.6,0,11702.1,11739.6,8325.1
1996,"June","South",3060.7,5040.2,6231.7,6253.1,0.23,6231.71,6253.11,4104.7
1996,"July","South",7257.3,9799.1,10056.4,10056.4,0,10056.4,10056.4,2087.2
1996,"August","South",7186.1,10497.5,11500,11510.1,0,11500,11510.1,2445.7
1996,"September","South",4932.8,7279.4,7317.5,7322.7,0,7317.51,7322.71,1672.8
1996,"October","South",5919.7,6939.6,6973,6980.6,0,6973,6980.6,1824.4
1996,"November","South",551.5,1233.8,1266,1278.2,0,1266.01,1278.21,716.3
1996,"December","South",431.1,1133.825,1288.575,1298.825,0,1288.5825,1298.8325,792.7
1997,"January","South",310.7,1033.85,1311.15,1319.45,0,1311.155,1319.455,869.1
1997,"February","South",190.3,933.875,1333.725,1340.075,0,1333.7275,1340.0775,945.5
1997,"March","South",69.9,833.9,1356.3,1360.7,0,1356.3,1360.7,1021.9
1997,"April","South",968.4,3263.3,4224.8,4246.7,0,5352.92,5363.87,4185.95
1997,"May","South",4356.3,8681.2,9434.4,9562.7,0,9434.41,9562.71,4110.5
1997,"June","South",1932.6,7348.3,7852.6,7870,0.01,7852.64,7870.04,5937.44
1997,"July","South",7395.4,9800.45,9845.95,9861.05,0.015,9845.955,9861.055,2882.315
1997,"August","South",7800.4,10199.4,10224.5,10227,0,10224.5,10227,2426.6
1997,"September","South",6713.6,11807.4,17945.2,17967.3,0,17945.2,17967.3,4293.7
1997,"October","South",5356.2,8036.8,8056.7,8080.6,0,8056.7,8080.6,2724.4
1997,"November","South",5418.7,5987.6,6024.6,6154.4,0,6024.6,6154.4,1556.2
1997,"December","South",4089.425,4549.5,4722.275,4819.725,0,4722.275,4819.725,1329.05
1998,"January","South",2760.15,3111.4,3419.95,3485.05,0,3419.95,3485.05,1101.9
1998,"February","South",1430.875,1673.3,2117.625,2150.375,0,2117.625,2150.375,874.75
1998,"March","South",101.6,235.2,815.3,815.7,0,815.3,815.7,647.6
1998,"April","South",464.8,687.1,2198.2,2224.1,0,2198.25,2224.15,1239.1
1998,"May","South",1755.9,2493.7,5107,5110.6,0,5107,5110.6,3087.01
1998,"June","South",1920.4,5274.4,5332.9,5470.1,0.01,5332.92,5470.12,3317.6
1998,"July","South",3313.7,7301.1,7768,7782.2,0,7768.09,7782.29,4931.59
1998,"August","South",9759.5,15389,15750,15775.1,0,15750,15775.1,5316.02
1998,"September","South",9039.6,13797.4,14764.2,14776.2,0,14764.3,14776.3,4627.7
1998,"October","South",6079.7,8226.2,8296.1,8414.4,0,8296.1,8414.4,1218.2
1998,"November","South",2268.6,5123.4,5255.1,5342.2,0.02,5255.15,5342.25,2695.32
1998,"December","South",1715.475,3898.2,4133.45,4200.45,0.015,4133.4875,4200.4875,2145.09
1999,"January","South",1162.35,2673,3011.8,3058.7,0.01,3011.825,3058.725,1594.86
1999,"February","South",609.225,1447.8,1890.15,1916.95,0.005,1890.1625,1916.9625,1044.63
1999,"March","South",56.1,222.6,768.5,775.2,0,768.5,775.2,494.4
1999,"April","South",726.8,1463.2,7933.7,7949.1,0.03,7933.73,7949.13,5196.83
1999,"May","South",1765.55,3437.65,6044.05,6062.5,0.37,6044.48,6062.93,4297.38
1999,"June","South",4234.4,9529.9,12995.1,13073.3,0.04,12995.3,13073.5,8839.1
1999,"July","South",8835.1,23198.9,23517.4,23528.8,0.01,23517.41,23528.81,14693.71
1999,"August","South",5383.3,9077.6,9275.5,9512.3,0,9275.5,9512.3,3332.6
1999,"September","South",7552.1,10340.3,10406.4,10451.8,0,10406.4,10451.8,1172.5
1999,"October","South",6891.4,8790.1,8851.6,8964.1,0.01,8851.6,8964.1,2072.7
1999,"November","South",2861.6,4236.5,4272.8,4362,0,4272.8,4362,1500.4
1999,"December","South",2149.8125,3200.45,3321.2,3388.1625,0,3321.2,3388.1625,1238.35
2000,"January","South",1438.025,2164.4,2369.6,2414.325,0,2369.6,2414.325,976.3
2000,"February","South",726.2375,1128.35,1418,1440.4875,0,1418,1440.4875,714.25
2000,"March","South",14.45,92.3,466.4,466.65,0,466.4,466.65,452.2
2000,"April","South",570.5,1426.4,2992.5,3002.3,0.01,2992.51,3002.31,1804.34
2000,"May","South",1760.6,4592,5901.2,5943.8,0.02,5901.24,5943.84,4977.9
2000,"June","South",2679.7,12620.1,12840.8,12858.5,0.02,12840.92,12858.62,10178.92
2000,"July","South",4577.5,11606.5,11952.1,12001.2,0.38,11952.12,12001.22,8098.32
2000,"August","South",13232.4,14957.7,15144.9,15233.8,0.01,15144.9,15233.8,3765.31
2000,"September","South",1202,3168.1,3777.4,3787.2,0,3777.4,3787.2,1362.9
2000,"October","South",5594.1,7955.8,8107.8,8125.2,0.05,8107.85,8125.25,2381.6
2000,"November","South",1274.5,2781.5,2804.5,2810.3,0,2804.52,2810.32,576.3
2000,"December","South",993.75,2201.45,2293.65,2298,0,2293.665,2298.015,587.25
2001,"January","South",713,1621.4,1782.8,1785.7,0,1782.81,1785.71,598.2
2001,"February","South",432.25,1041.35,1271.95,1273.4,0,1271.955,1273.405,609.15
2001,"March","South",151.5,461.3,761.1,761.1,0,761.1,761.1,620.1
2001,"April","South",923.2,1696.5,2242.9,2249.3,0,2242.9,2249.3,1326.1
2001,"May","South",2028.6,5342.1,9922.7,9959.2,0.16,9922.87,9959.37,6632.97
2001,"June","South",4309.6,6942.7,7815.2,7830.9,0.04,7815.57,7831.27,5658.47
2001,"July","South",4163.2,5569.9,5833.8,5926.5,0.01,5833.81,5926.51,1607.3
2001,"August","South",5024.9,5990,6070,6123.9,0,6070,6123.9,1268.94
2001,"September","South",5638.3,8379.2,8436.1,8436.1,0.01,8436.17,8436.17,2611.61
2001,"October","South",2214.5,5110.3,5210.8,5249.3,0,5210.8,5249.3,1229.2
2001,"November","South",1497,4633.8,4640.6,4682.6,0,4640.6,4682.6,1164.03
2001,"December","South",1237.025,3651.7,3723.475,3755.8,0,3723.475,3755.8,1002.5975
2002,"January","South",977.05,2669.6,2806.35,2829,0,2806.35,2829,841.165
2002,"February","South",717.075,1687.5,1889.225,1902.2,0,1889.225,1902.2,679.7325
2002,"March","South",457.1,705.4,972.1,975.4,0,972.1,975.4,518.3
2002,"April","South",1111.6,2154.5,2986.3,3001.8,0,2877.6,2889.15,1888
2002,"May","South",758.1,3515.9,6538.4,6538.4,0.02,6538.42,6538.42,5749.3
2002,"June","South",3302.5,8182,9206.3,9431.7,0,9206.34,9431.74,6625.92
2002,"July","South",9462.2,16247.8,16428.7,16493.8,0.05,16428.71,16493.81,5228.31
2002,"August","South",12264.2,24300.4,26240.8,26257,0.01,26243.96,26260.16,7549.9
2002,"September","South",15509.4,20051.3,22462.8,22602.2,0.01,22462.8,22602.2,6001.81
2002,"October","South",6194.6,10307,11998.5,12037,0,11998.5,12037,5842.4
2002,"November","South",1821.7,3063,3229.6,3245.65,0,3229.6,3245.65,1971.715
2002,"December","South",1400.3,2568.5,2705.55,2717.7875,0,2705.55,2717.7875,1580.71125
2003,"January","South",978.9,2074,2181.5,2189.925,0,2181.5,2189.925,1189.7075
2003,"February","South",557.5,1579.5,1657.45,1662.0625,0,1657.45,1662.0625,798.70375
2003,"March","South",136.1,1085,1133.4,1134.2,0,1133.4,1134.2,407.7
2003,"April","South",1360.4,3514.2,4357.2,4384.1,0,4357.2,4384.1,3023.7
2003,"May","South",415.2,1693.7,3741,3748.9,0,3741,3748.9,3333.7
2003,"June","South",3523.4,10883.3,12619,12629.7,0,12619.06,12629.76,9288.4
2003,"July","South",12016,13458.1,15756,15973.4,0,15756,15973.4,5189.6
2003,"August","South",6140.5,11960.1,19768.9,19785.8,0,19768.9,19785.8,3371.6
2003,"September","South",11093.6,14727.3,15806.2,15810.3,0,15806.2,15810.3,5021.21
2003,"October","South",4312.7,4600.8,7867.1,7926.8,0,7867.1,7926.8,1082
2003,"November","South",1050.2,1684.3,1811.1,1827.8,0,1811.1,1827.8,777.6
2003,"December","South",834.05,1340.1,1523.625,1536.625,0,1523.635,1536.635,705.8
2004,"January","South",617.9,995.9,1236.15,1245.45,0,1236.17,1245.47,634
2004,"February","South",401.75,651.7,948.675,954.275,0,948.705,954.305,562.2
2004,"March","South",185.6,307.5,661.2,663.1,0,661.24,663.14,490.4
2004,"April","South",1627.8,3658.8,4558.7,4621.1,0,4558.7,4621.1,2993.3
2004,"May","South",5440.6,18165,25754.3,26018.7,0.03,25754.33,26018.73,20342.53
2004,"June","South",1599.3,6081.7,8885.85,9070.8,0.16,6394.3,6400.8,5435.8
2004,"July","South",6164.7,13723,13954.8,14003.4,0.05,13954.85,14003.45,8625.8
2004,"August","South",12012.8,18690.7,18810.9,18833.9,0,18810.9,18833.9,6821.1
2004,"September","South",10477.5,12647.3,17468.4,18516,0,17468.4,18516,8038.5
2004,"October","South",7820.7,12310.9,12638.1,12724.4,0,12638.1,12724.4,4903.7
2004,"November","South",791.3,1674.7,1696.8,1708.4,0,1696.8,1708.4,1202.6
2004,"December","South",685.75,1424.85,1481.1,1490.325,0,1481.1,1490.325,979.025
2005,"January","South",580.2,1175,1265.4,1272.25,0,1265.4,1272.25,755.45
2005,"February","South",474.65,925.15,1049.7,1054.175,0,1049.7,1054.175,531.875
2005,"March","South",369.1,675.3,834,836.1,0,834,836.1,308.3
2005,"April","South",694.8,1496.7,1613.2,1614.8,0,1613.2,1614.8,962.4
2005,"May","South",623.7,1339.6,3124.7,3132.1,0,3124.7,3132.1,2128.6
2005,"June","South",956.9,3105.4,4606,4615.1,0,4606,4615.1,4334.7
2005,"July","South",7892.6,17456.3,19869.7,19880.9,0,19869.7,19880.9,13667.9
2005,"August","South",7592.9,11419.9,11622.7,11636.7,0,11622.7,11636.7,2486.6
2005,"September","South",7938.1,10131.5,10198.1,10229.3,0,10198.1,10229.3,2698.4
2005,"October","South",3417.1,3989.3,4063.9,4088,0,4063.9,4088,1734.4
2005,"November","South",844.5,1064.8,1100.6,1107.9,0,1100.6,1107.9,421.8
2005,"December","South",641.85,813.125,965.45,971.05,0,965.45,971.05,429.8
2006,"January","South",439.2,561.45,830.3,834.2,0,830.3,834.2,437.8
2006,"February","South",236.55,309.775,695.15,697.35,0,695.15,697.35,445.8
2006,"March","South",33.9,58.1,560,560.5,0,560,560.5,453.8
2006,"April","South",65.5,149,985.8,988.1,0,985.8,988.1,922.6
2006,"May","South",450.1,727.2,1712.1,1720.6,0,1712.1,1720.6,1454.7
2006,"June","South",2184.1,10707,11158,11170.4,0.01,11158,11170.4,8773.11
2006,"July","South",6731.5,12923.3,13981,14015.6,0,13981,14015.6,8569.82
2006,"August","South",9247.6,12297.1,12636.5,13033.1,0,12636.5,13033.1,3583.4
2006,"September","South",6174.8,10208.5,10348.3,10366,0,10348.3,10366,3053.4
2006,"October","South",2068.5,2936.1,3014.5,3025.1,0,3014.5,3025.1,956.6
2006,"November","South",466.1,979,994.9,1005.5,0,994.9,1005.5,172.6
2006,"December","South",404.875,813.775,975.65,984.475,0,975.65,984.475,271.3
2007,"January","South",343.65,648.55,956.4,963.45,0,956.4,963.45,370
2007,"February","South",282.425,483.325,937.15,942.425,0,937.15,942.425,468.7
2007,"March","South",221.2,318.1,917.9,921.4,0,917.9,921.4,567.4
2007,"April","South",2501.8,4563.1,4809.3,4820,0,4809.3,4820,2318.2
2007,"May","South",2398.4,8832.5,18314.9,18340.7,0,18314.9,18340.7,10482.7
2007,"June","South",5054.6,12710.7,15345.4,15354.8,0.02,15345.4,15354.8,11371.6
2007,"July","South",4710.7,8247.1,8408.6,8447.7,0.02,8408.62,8447.72,4834.12
2007,"August","South",4215.8,7149,7345.5,7435.9,0,7345.5,7435.9,2502.2
2007,"September","South",4554.7,6307.7,6385,6437.3,0,6385,6437.3,3197.4
2007,"October","South",3395.8,5594.3,5754.5,5773.7,0,5754.5,5773.7,2432.7
2007,"November","South",2108.7,4006,4125.6,4150,0,4125.6,4150,2006
2007,"December","South",1637.775,3236.65,3398.675,3420.6,0,3398.675,3420.6,1632.925
2008,"January","South",1166.85,2467.3,2671.75,2691.2,0,2671.75,2691.2,1259.85
2008,"February","South",695.925,1697.95,1944.825,1961.8,0,1944.825,1961.8,886.775
2008,"March","South",225,928.6,1217.9,1232.4,0,1217.9,1232.4,513.7
2008,"April","South",2511.7,4564.5,8367,8532.3,0,8367,8532.3,5843.8
2008,"May","South",3752.2,14434.3,21519.2,21571.6,0.01,21519.2,21571.6,11870.4
2008,"June","South",2808.2,11861.2,12059.3,12060.4,0.27,12059.79,12060.89,8286.12
2008,"July","South",3434.4,14464.7,14683.6,14692.2,0.02,14683.69,14692.29,8853.32
2008,"August","South",5326.9,10762.1,12798,12807.5,0,12798.02,12807.52,5886.7
2008,"September","South",5622.5,13419.5,13768.9,13781.8,0,13768.9,13781.8,8354.02
2008,"October","South",10481.2,19236.9,20756.6,20783.8,0,20756.6,20783.8,10302.6
2008,"November","South",855.4,3874.8,3917.4,3925.9,0,3917.4,3925.9,2668.9
2008,"December","South",664.275,3039.75,3103.1,3109.525,0,3103.1,3109.525,2153.4
2009,"January","South",473.15,2204.7,2288.8,2293.15,0,2288.8,2293.15,1637.9
2009,"February","South",282.025,1369.65,1474.5,1476.775,0,1474.5,1476.775,1122.4
2009,"March","South",90.9,534.6,660.2,660.4,0,660.2,660.4,606.9
2009,"April","South",1864.9,3001.4,4287.5,4307.2,0,4287.5,4307.2,2442.3
2009,"May","South",3244.3,5707.6,6408.2,6492,0,6408.2,6492,4247.4
2009,"June","South",4173.9,11293.6,13423.1,13450.3,0,13423.1,13450.3,10364.9
2009,"July","South",4088.4,8643.5,8810.9,8829.6,0,8810.9,8829.6,5672.2
2009,"August","South",10564.8,16601.9,18000.5,18068.7,0,18000.5,18068.7,4910.9
2009,"September","South",6890,8970.5,13829.3,13859,0,13829.3,13859,6770.3
2009,"October","South",5260.6,13001.1,13412.2,13456.8,0,13412.2,13456.8,7198.2
2009,"November","South",2625.3,5242,6376,6409.3,0,6376,6409.3,2790.4
2009,"December","South",1992.1,4016.45,4905.55,4930.675,0,4905.55,4930.675,2193.375
2010,"January","South",1358.9,2790.9,3435.1,3452.05,0,3435.1,3452.05,1596.35
2010,"February","South",725.7,1565.35,1964.65,1973.425,0,1964.65,1973.425,999.325
2010,"March","South",92.5,339.8,494.2,494.8,0,494.2,494.8,402.3
2010,"April","South",1310,2306.4,2909.6,2918.4,0,2909.6,2918.4,1608.4
2010,"May","South",2042.8,3945.7,7044,7452.8,0,7044,7452.8,5070.4
2010,"June","South",1768.6,5007.3,7161.3,7278.9,0,7161.3,7278.9,5510.3
2010,"July","South",4580,13289.4,14921.9,14934.4,0,14921.9,14934.4,11282.6
2010,"August","South",9360.6,17112.5,17239.3,17279.5,0,17239.31,17279.51,7918.91
2010,"September","South",5397.7,11712.7,11862.6,11896,0,11862.6,11896,6498.3
2010,"October","South",3498.2,8178.3,8281.9,8314.1,0,8281.9,8314.1,4815.9
2010,"November","South",1187.7,2907.3,2925.1,2945.8,0,2925.1,2945.8,1763.4
2010,"December","South",913.125,2223.75,2330.5,2346.225,0,2330.5,2346.225,1400.55
2011,"January","South",638.55,1540.2,1735.9,1746.65,0,1735.9,1746.65,1037.7
2011,"February","South",363.975,856.65,1141.3,1147.075,0,1141.3,1147.075,674.85
2011,"March","South",89.4,173.1,546.7,547.5,0,546.7,547.5,312
2011,"April","South",188.6,273.9,1305.1,1306.4,0,1305.1,1306.4,1144.8
2011,"May","South",743.5,947.8,1971.4,2011.7,0,1971.4,2011.7,1934.6
2011,"June","South",2540.8,5830.7,6162.5,6220.7,0,6162.5,6220.7,4192.9
2011,"July","South",1640.4,11327.7,11635.4,11651.5,0,11635.4,11651.5,10097.11
2011,"August","South",7812.6,12658.9,12816.5,12863.6,0,12816.5,12863.6,5051
2011,"September","South",7807.8,11460.6,12846.4,13027.3,0,12846.4,13027.3,3133.5
2011,"October","South",3510.8,5931.7,6077.2,6154.2,0,6077.2,6154.2,2643.4
2011,"November","South",2331.5,2535.8,2649.7,2857.3,0,2649.7,2857.3,879.4
2011,"December","South",1959.375,2235.85,2439.45,2597.35,0,2439.45,2597.35,874.95
2012,"January","South",1587.25,1935.9,2229.2,2337.4,0,2229.2,2337.4,870.5
2012,"February","South",1215.125,1635.95,2018.95,2077.45,0,2018.95,2077.45,866.05
2012,"March","South",843,1336,1808.7,1817.5,0,1808.7,1817.5,861.6
2012,"April","South",1426.2,2194.3,3269,3303.7,0,3269,3303.7,1791.3
2012,"May","South",3352.6,8732.1,10939.2,11033.7,0,10939.2,11033.7,7724.9
2012,"June","South",4816.8,13979,14345,14363.7,0,14345,14363.7,9975.1
2012,"July","South",4232.9,11650.6,11986.3,12012.9,0,11986.3,12012.9,7780
2012,"August","South",5981.7,9445.3,9532.5,9537.3,0,9532.5,9537.3,3882.2
2012,"September","South",6265.3,11663.6,16289.5,16301.6,0,14017.95,14031.25,6329.4
2012,"October","South",5681.1,9087,11533.7,11557.8,0,11533.7,11557.8,5051
2012,"November","South",3093.3,5786,5831.4,5859.3,0,5831.4,5859.3,2766
2012,"December","South",2624.875,4695.35,4848.775,4875.35,0,4848.775,4875.35,2250.475
2013,"January","South",2156.45,3604.7,3866.15,3891.4,0,3866.15,3891.4,1734.95
2013,"February","South",1688.025,2514.05,2883.525,2907.45,0,2883.525,2907.45,1219.425
2013,"March","South",1219.6,1423.4,1900.9,1923.5,0,1900.9,1923.5,703.9
2013,"April","South",2773.8,3695.4,6050.9,6382.6,0,6050.9,6382.6,3608.8
2013,"May","South",7604.5,12911.2,18279.5,18339.6,0,18279.5,18339.6,12898.4
2013,"June","South",2231.6,6841.2,9275.6,9278.2,0,9275.6,9278.2,7745.9
2013,"July","South",5836.8,8989.1,10385.5,10390.6,0,10385.5,10390.6,5767.4
2013,"August","South",6236.5,12029.4,12426.7,12470.4,0,12426.7,12470.4,6233.9
2013,"September","South",3105.7,9725.9,10607.1,10647.6,0,10607.1,10647.6,7541.9
2013,"October","South",910.9,4161.7,7132.3,7151.5,0,7132.49,7151.69,4734.5
2013,"November","South",1893.9,9334.4,9359,9376.5,0,9359.01,9376.51,7892.91
2013,"December","South",1515.075,7214.725,7261.25,7274.675,0,7261.2575,7274.6825,6067.3325
2014,"January","South",1136.25,5095.05,5163.5,5172.85,0,5163.505,5172.855,4241.755
2014,"February","South",757.425,2975.375,3065.75,3071.025,0,3065.7525,3071.0275,2416.1775
2014,"March","South",378.6,855.7,968,969.2,0,968,969.2,590.6
2014,"April","South",852.9,1570.8,1722.4,1730,0,1722.4,1730,951.8
2014,"May","South",7553,12827.3,13593.5,13635.5,0,13593.5,13635.5,6082.5
2014,"June","South",9192.8,21760.1,40412.3,42849.1,0,40412.3,42849.1,33656.3
2014,"July","South",2487.3,8477.4,10356,10359.3,0,10356,10359.3,7013.8
2014,"August","South",8646.7,17384.2,18752.9,18766,0,18752.9,18766,15110
2014,"September","South",7685.6,19969.6,33781.7,33802.5,0,33781.7,33802.5,23395.9
2014,"October","South",3744.8,15949,23989.9,24039.9,0,23989.9,24039.9,17552
2014,"November","South",3963.8,6703.7,7071.7,7086.3,0,7071.7,7086.3,4371.6
2014,"December","South",3070.825,5214.275,5535.05,5547.9,0,5535.05,5547.9,3413.9
2015,"January","South",2177.85,3724.85,3998.4,4009.5,0,3998.4,4009.5,2456.2
2015,"February","South",1284.875,2235.425,2461.75,2471.1,0,2461.75,2471.1,1498.5
2015,"March","South",391.9,746,925.1,932.7,0,925.1,932.7,540.8
2015,"April","South",4659.5,5485.3,6986.9,7272.8,0,6986.9,7272.8,2613.3
2015,"May","South",7159,18884.5,26774.3,26779,0.01,26774.43,26779.13,16811.73
2015,"June","South",4911.9,14047.6,19572,19627.4,0,19572.09,19627.49,13025.09
2015,"July","South",7771.5,14027.7,14771.3,14799.9,0.02,14771.32,14799.92,7028.42
2015,"August","South",2569.05,5586.55,6599.7,6624.1,0,6599.7,6624.1,4055.05
2015,"September","South",4246.4,16140,16591.7,16614.5,0.01,16591.73,16614.53,12606.91
2015,"October","South",6108.7,16338.9,23972.1,24874.2,0,23972.1,24874.2,18499.2
2015,"November","South",4513.7,13172.1,16062.7,17035.1,0,16062.7,17035.1,12521.4
2015,"December","South",3795.4,10394.25,12628.5,13363.95,0,12628.5,13363.95,9544.225
2016,"January","South",3077.1,7616.4,9194.3,9692.8,0,9194.3,9692.8,6567.05
2016,"February","South",2358.8,4838.55,5760.1,6021.65,0,5760.1,6021.65,3589.875
2016,"March","South",1640.5,2060.7,2325.9,2350.5,0,2325.9,2350.5,612.7
2016,"April","South",3063.4,7171.7,7737.6,7778.2,0,7737.6,7778.2,4714.8
2016,"May","South",3131.5,8167.7,16503.5,17082.4,0,16503.5,17082.4,12877
2016,"June","South",6966.8,19020.3,44302.6,44375.8,0,44302.69,44375.89,37409.09
2016,"July","South",11217.9,22535.9,25855.6,26310.1,0,25855.6,26310.1,10893
2016,"August","South",20652.4,28053.4,37333.3,37698,0,37333.3,37698,7941.3
2016,"September","South",8480.6,14985.1,15327.1,15415,0,15327.1,15415,9054.1
2016,"October","South",5048.1,11229.1,11412.7,11531.8,0,11412.7,11531.8,6483.7
2016,"November","South",3270.4,8944.7,9170.8,9217.4,0,9170.8,9217.4,5217
2016,"December","South",2470.8,6757.625,7082.675,7118.025,0,7082.675,7118.025,4099.725
2017,"January","South",1671.2,4570.55,4994.55,5018.65,0,4994.55,5018.65,2982.45
2017,"February","South",871.6,2383.475,2906.425,2919.275,0,2906.425,2919.275,1865.175
2017,"March","South",72,196.4,818.3,819.9,0,818.3,819.9,747.9
2017,"April","South",24.85,200.8,1889.75,1890.05,0,1889.75,1890.05,1079.55
2017,"May","South",1115.8,5503.1,6937.9,6968.4,0,6937.9,6968.4,5223.8
2017,"June","South",2045.3,8696.7,9677.7,9717,0,9677.7,9717,7530.41
2017,"July","South",11364.3,38357.7,42362.7,42622,0,42362.7,42622,17255
2017,"August","South",15667.4,21831.2,22075,22126,0,22075,22126,6458.6
2017,"September","South",8073.3,18917.8,19712.7,19739.9,0,19712.7,19739.9,9632.7
2017,"October","South",10063.6,14950.5,15355.8,15429,0,15355.8,15429,5365.4
2017,"November","South",3278.7,6546.1,6660.7,6744.4,0,6660.7,6744.4,3205.4
2017,"December","South",3007.775,5606.7,5734.775,5799.725,0,5734.775,5799.725,2596.725
2018,"January","South",2736.85,4667.3,4808.85,4855.05,0,4808.85,4855.05,1988.05
2018,"February","South",2465.925,3727.9,3882.925,3910.375,0,3882.925,3910.375,1379.375
2018,"March","South",2195,2788.5,2957,2965.7,0,2957,2965.7,770.7
2018,"April","South",299.5,464.9,1413.5,1417.9,0,1413.5,1417.9,1149.9
2018,"May","South",4988.1,8155,8798.9,8815.1,0,8798.9,8815.1,3086.2
2018,"June","South",8576.9,12990.8,21496.3,21538.9,0,21496.3,21538.9,12962
2018,"July","South",10048,20220.4,23086.5,23131.4,0,23086.5,23131.4,12544.8
2018,"August","South",8234.5,13733.6,18077.3,18384.4,0,27985.33,28230.48,22473.38
2018,"September","South",11438.2,25854.15,32026.4,32074.45,0,32026.4,32074.45,20636.25
2018,"October","South",3836.7,9480.5,9696.3,9740.7,0,9696.3,9740.7,3561.8
2018,"November","South",1349.3,3048.5,3194,3205.5,0,3194,3205.5,1504.1
2018,"December","South",1029.575,2325.5,2519.375,2528.05,0,2519.375,2528.05,1235.5
2019,"January","South",709.85,1602.5,1844.75,1850.6,0,1844.75,1850.6,966.9
2019,"February","South",390.125,879.5,1170.125,1173.15,0,1170.125,1173.15,698.3
2019,"March","South",70.4,156.5,495.5,495.7,0,495.5,495.7,429.7
2019,"April","South",334.7,1211.4,2120.3,2121.2,0,2120.3,2121.2,1836.5
2019,"May","South",3500.6,9880.15,11899.55,11919.5,0,11899.55,11919.5,8473.1
2019,"June","South",4822.6,11820,12079,12087.8,0,12079,12087.8,6853.1
2019,"July","South",6362.6,10381.5,14274.2,14352.1,0,14274.2,14352.1,8734.5
2019,"August","South",7160.2,13021,13994.5,14010.9,0,13994.5,14010.9,8783.7
2019,"September","South",8298.1,12624.6,14217.6,14239.3,0,14217.6,14239.3,7178.3
2019,"October","South",4121.6,8392.9,9123.8,9143.6,0,9123.8,9143.6,5022
2019,"November","South",3231,5301.4,5469.7,5522.5,0,5469.7,5522.5,2291.5
2019,"December","South",NA,NA,NA,NA,NA,NA,NA,NA
